1 2 2 3 1 4 2 5 6 4 2 2 7 8 7 2 5 6 4 2 
2 7 8 7 2 9 4 6 2 2 4 5 8 2 8 10 1 2 3 1 
4 2 5 6 4 2 2 7 8 7 2 5 6 4 2 2 6 5 8 2 
9 4 6 2 2 4 5 5 2 5 10 2 11 1 2 2 4 12 9 12 
1 4 2 1 3 13 2 2 14 13 3 2 1 4 5 2 2 6 4 6 
2 6 5 6 2 2 4 5 8 2 8 10 1 2 4 9 1 2 1 3 
13 2 15 16 17 14 13 3 2 1 4 5 2 2 6 5 8 2 9 4 
2 2 6 5 8 2 9 4 6 2 2 4 5 5 2 5 10 2 11 100 
18 1 3 12 13 12 19 2 2 14 10 2 1 20 1 2 1 10 2 4 
20 6 2 2 4 10 2 5 20 5 2 5 10 2 6 4 2 2 21 9 
4 6 5 2 3 1 9 4 2 2 6 20 5 6 20 5 2 6 10 2 
18 1 3 12 13 12 19 14 10 2 1 20 1 2 1 10 2 4 20 6 
2 2 4 10 2 5 20 5 2 5 10 2 6 10 2 2 4 1 2 1 
3 12 9 12 2 4 10 2 6 10 2 2 21 5 10 2 5 20 5 2 
5 10 2 11 11 2 1 20 4 2 2 6 10 2 6 20 6 2 6 5 
6 4 2 2 9 4 2 9 1 12 3 12 2 1 10 2 9 10 2 2 
21 6 12 5 12 6 12 4 12 2 9 12 1 12 3 12 13 12 2 14 
1 4 5 2 2 6 10 2 6 20 6 2 6 10 2 1 4 2 2 4 
5 4 1 2 9 6 9 3 2 1 3 12 13 12 2 14 3 2 1 10 
2 9 10 2 2 4 1 3 9 2 4 1 9 6 2 2 5 10 2 5 
9 2 4 1 9 6 2 2 5 10 2 5 20 5 2 5 10 2 11 100 
18 18 22 7 8 23 19 2 2 6 9 4 6 2 5 23 5 6 2 2 
1 3 13 16 2 14 3 1 4 2 2 5 6 4 6 2 5 4 9 4 
2 2 6 4 6 5 2 23 7 8 23 2 2 2 2 2 2 2 2 2 
2 2 5 6 4 6 2 5 23 5 4 2 2 1 3 13 16 2 14 13 
14 13 2 2 3 9 6 9 2 1 4 6 5 2 2 23 7 8 23 2 
5 10 2 4 10 2 2 2 2 2 2 2 1 22 2 3 2 1 9 4 
9 2 2 1 3 13 16 2 14 3 1 4 2 2 5 4 1 3 2 1 
9 4 9 2 2 6 23 7 23 2 6 4 9 6 2 2 2 2 2 2 
2 2 2 2 2 1 9 1 3 2 1 9 4 9 2 2 1 3 13 16 
2 14 22 2 13 2 2 3 9 6 9 2 1 4 5 4 2 2 9 6 
6 9 2 1 4 5 4 2 2 9 6 23 6 2 5 10 2 24 21 100 
7 11 5 22 2 1 10 25 23 18 5 10 6 19 2 18 4 10 9 19 
1 3 1 2 9 4 6 1 9 4 2 6 5 25 23 5 22 2 1 10 
25 23 18 5 10 6 19 2 18 4 10 1 19 9 6 9 2 13 26 3 
1 27 2 9 6 23 2 23 26 8 23 11 10 2 9 6 23 2 5 10 
1 14 16 14 2 14 13 26 3 13 14 13 2 13 26 3 1 9 1 26 
3 2 13 3 1 9 6 23 2 5 10 1 14 16 14 2 14 13 26 3 
13 14 13 2 13 26 3 1 9 1 26 3 2 13 3 1 27 2 9 6 
23 2 23 10 11 10 2 9 6 23 2 23 26 8 23 5 10 28 2 6 
10 28 4 10 28 2 9 10 28 1 3 1 2 9 4 6 1 9 4 2 
6 5 25 23 5 10 28 2 6 10 28 4 10 28 2 1 10 28 9 6 
9 2 13 26 3 1 27 2 9 6 23 2 23 26 8 23 11 10 2 9 
27 2 9 6 23 2 23 26 8 23 11 10 2 9 6 23 2 5 10 100 
5 23 8 23 2 6 23 7 1 9 1 2 3 9 6 13 3 1 2 14 
3 9 1 9 1 2 3 9 6 23 8 23 2 6 23 6 1 13 16 2 
3 9 3 13 3 1 2 14 3 18 9 6 19 1 1 2 1 10 11 9 
3 9 6 2 3 13 14 16 13 1 2 29 14 3 16 13 1 2 14 3 
9 18 1 12 3 12 13 19 18 1 2 3 19 9 6 23 8 23 2 6 
23 6 18 1 12 3 12 13 19 18 16 2 3 19 9 6 13 16 13 2 
14 3 18 21 9 3 19 1 1 2 1 10 11 14 16 13 1 2 1 14 
13 3 9 6 2 6 13 14 16 13 1 2 4 14 18 13 3 19 13 1 
2 18 9 4 19 6 16 13 1 2 18 1 9 1 19 18 14 13 14 19 
2 3 9 3 13 3 1 2 14 3 18 9 3 19 1 1 21 2 1 10 
11 4 6 23 7 2 7 23 6 18 1 9 1 19 2 6 23 7 6 23 
7 2 7 8 23 18 5 12 6 12 4 19 18 5 2 8 19 23 5 6 
4 6 2 7 23 6 18 1 12 3 12 13 19 18 16 2 3 19 9 3 
9 3 13 16 13 2 14 21 3 18 9 3 19 1 1 2 1 10 11 100 
5 10 2 6 2 2 4 10 2 4 2 4 10 2 5 2 2 6 10 2 
5 2 8 10 2 4 12 1 12 2 2 3 10 2 1 2 1 10 2 4 
2 2 5 22 30 2 5 10 2 5 12 6 12 2 4 10 2 4 2 4 
10 2 5 2 2 6 10 2 5 2 8 5 8 2 2 7 10 2 8 2 
5 10 2 5 2 2 5 22 2 1 20 3 13 2 2 14 10 2 3 2 
13 10 2 1 2 2 3 10 2 1 2 4 10 2 4 12 9 12 2 2 
1 10 2 3 2 1 10 2 4 2 2 1 22 2 1 20 3 13 2 14 
10 2 3 2 13 10 2 1 2 2 3 10 2 1 2 4 10 2 6 12 
5 12 2 2 8 10 2 5 2 5 10 2 6 2 2 4 22 2 6 10 
22 2 6 10 2 5 2 5 22 2 8 10 2 7 2 2 5 22 2 100 
18 1 9 19 2 31 21 2 4 5 7 5 2 4 5 7 5 2 2 18 
22 14 16 14 2 13 14 2 3 10 18 1 9 19 2 2 4 5 7 5 
2 4 5 7 5 2 2 1 9 4 9 2 6 10 2 18 1 9 19 2 
4 5 7 5 2 4 5 7 5 2 2 18 22 14 16 14 2 13 14 2 
3 10 2 18 1 9 19 2 2 4 1 13 3 2 1 9 6 23 2 2 
5 10 2 5 5 2 5 10 2 11 18 14 16 19 2 31 21 2 29 16 
14 13 2 3 13 14 16 2 2 29 16 14 13 2 3 10 2 18 13 14 
19 2 2 16 14 13 3 2 1 3 13 14 2 2 16 14 13 3 2 1 
10 2 18 22 1 3 13 2 14 13 14 1 2 3 10 1 10 2 2 15 
1 17 9 4 6 4 2 9 1 3 13 2 2 14 13 14 1 2 3 9 
13 14 1 2 3 9 6 23 2 2 5 10 5 5 2 5 10 2 11 100 
18 22 1 3 13 14 16 14 2 14 16 29 16 29 14 2 13 14 16 14 
13 14 2 3 16 14 13 1 4 2 4 6 4 14 16 14 2 14 16 29 
16 29 14 2 13 14 16 14 13 3 2 16 13 1 3 22 2 3 10 11 
11 14 1 3 9 2 4 9 6 5 4 1 2 14 13 3 1 3 9 2 
4 9 6 4 5 8 2 8 22 1 3 9 2 4 9 6 5 4 1 2 
14 10 2 16 29 14 3 2 16 13 1 3 22 2 3 10 11 11 14 12 
10 16 12 10 29 14 14 2 1 14 14 16 13 12 10 14 12 10 16 12 
10 13 12 10 2 1 13 16 14 13 14 2 3 13 14 13 1 4 2 4 
10 2 14 29 14 14 2 1 14 14 16 13 12 10 14 12 10 16 12 10 
13 12 10 2 1 13 16 14 13 3 2 16 13 1 3 22 2 3 10 11 
11 14 1 4 4 2 5 4 4 1 4 4 2 14 4 4 1 4 4 2 
5 4 6 4 5 8 2 8 10 2 3 1 3 9 2 4 9 6 5 4 
1 2 14 10 2 16 29 9 32 29 2 16 14 13 3 22 2 3 10 11 
2 14 10 2 16 29 9 32 29 2 16 14 13 3 22 2 3 10 11 100 
3 22 14 2 3 1 4 6 2 2 5 22 6 2 4 6 4 1 2 2 
3 16 16 16 2 29 16 14 29 2 2 16 14 3 16 2 14 3 1 4 
2 3 22 14 2 3 1 4 6 2 2 5 22 6 2 4 6 4 1 2 
2 3 16 16 16 2 14 3 1 14 2 2 3 1 4 6 2 5 33 2 
11 11 21 1 5 5 5 2 23 7 9 6 2 2 1 14 14 14 2 13 
1 16 13 2 2 1 14 14 14 2 29 14 16 14 2 2 14 13 14 3 
2 13 1 9 6 1 5 5 5 2 23 7 9 6 2 2 1 14 14 14 
2 13 1 16 1 2 2 3 16 16 16 2 14 3 1 14 2 2 2 3 
16 16 2 14 3 1 14 2 2 2 3 1 4 6 2 5 33 2 11 100 
23 2 23 2 2 4 33 2 9 10 2 4 2 6 2 2 18 4 33 2 
4 19 2 4 2 6 2 4 2 2 21 9 33 2 13 10 2 3 2 1 
2 2 9 10 2 30 2 9 2 1 12 2 3 12 2 1 2 9 2 4 
2 1 2 2 21 9 10 2 23 10 2 30 2 23 2 13 2 3 2 1 
2 2 9 2 13 2 3 2 1 2 9 33 2 2 1 2 20 2 9 2 
4 2 1 2 9 10 2 23 10 2 2 21 34 35 16 36 37 38 34 2 
28 10 2 28 2 23 2 4 2 20 2 9 2 1 2 4 2 2 9 10 
2 1 2 3 2 1 10 2 9 10 2 2 4 33 2 28 33 2 24 21 
1 2 3 2 1 10 2 9 10 2 2 4 33 2 28 33 2 24 21 100 
2 2 2 2 2 8 10 2 2 2 6 20 4 9 20 1 2 3 20 9 
16 20 13 2 2 18 22 3 13 1 2 18 22 9 1 4 2 6 10 2 
18 39 4 6 19 2 2 5 20 6 4 20 9 2 1 20 9 13 20 3 
2 2 1 9 4 6 2 5 4 8 5 2 2 2 2 2 2 2 2 2 
2 2 2 6 20 4 9 20 1 2 3 20 9 16 20 13 2 2 18 22 
3 13 1 2 18 22 9 1 4 2 2 2 6 9 3 14 2 2 2 2 
2 16 14 13 3 2 2 2 14 13 3 25 1 2 2 3 4 14 13 2 
3 10 2 2 11 11 2 18 13 20 14 19 2 2 16 20 14 16 20 13 
2 3 20 9 16 20 13 2 2 18 22 3 13 1 2 18 22 9 1 4 
2 6 10 2 18 39 4 6 19 2 2 5 20 6 4 20 9 2 1 20 
9 13 20 3 2 2 1 9 4 6 2 5 4 8 14 2 2 2 2 2 
2 2 2 2 2 2 2 16 20 14 16 20 13 2 3 20 9 16 20 13 
2 2 18 22 3 13 1 2 18 22 9 1 4 2 2 2 6 9 3 14 
2 2 2 2 2 16 14 13 3 2 2 2 14 13 3 25 1 2 2 3 
2 2 14 13 3 25 1 2 2 3 4 14 13 2 3 10 2 2 11 100 
18 1 12 9 12 19 4 5 4 2 4 5 4 6 23 6 2 6 4 9 
1 3 1 2 9 6 23 5 4 1 2 14 10 18 1 12 9 12 19 4 
5 4 2 4 5 4 6 23 6 2 4 9 1 18 1 12 3 12 13 19 
1 2 9 6 23 5 6 5 2 5 10 11 11 18 1 12 3 12 19 26 
13 22 2 3 1 9 4 9 1 2 1 4 5 26 13 22 2 3 25 13 
14 6 20 4 6 2 6 10 2 18 1 12 3 12 19 26 13 22 2 3 
1 9 4 9 1 2 1 4 5 18 4 12 9 12 1 19 4 2 9 6 
18 4 12 9 12 1 19 4 2 9 6 23 5 6 5 2 5 10 11 100 
18 5 20 23 19 7 10 2 5 10 2 18 6 25 23 19 5 33 2 18 
5 6 19 4 10 2 1 10 2 18 9 4 19 9 33 2 9 10 1 10 
2 14 10 2 18 14 13 19 1 10 2 13 10 2 18 1 6 19 4 10 
2 6 10 2 5 10 14 33 2 18 13 14 19 16 10 2 13 10 2 18 
13 14 19 13 33 2 1 9 4 10 2 6 10 2 5 10 25 23 10 2 
6 10 2 18 4 9 19 1 10 2 7 10 2 5 6 5 33 18 5 20 
23 19 18 7 10 2 5 10 19 2 40 5 10 5 33 2 18 5 23 19 
18 7 10 2 4 10 19 2 40 4 10 4 33 2 18 6 5 19 18 23 
10 2 13 10 19 2 40 13 10 18 14 13 3 1 9 4 19 18 1 29 
16 14 13 3 19 1 33 2 18 1 9 19 4 10 2 4 10 2 18 9 
4 19 6 10 2 6 10 2 6 10 18 4 6 4 9 1 26 3 19 13 
33 2 18 1 9 19 4 10 2 4 10 2 4 10 6 33 2 18 4 41 
6 33 2 18 4 41 19 1 10 2 7 10 2 18 5 6 19 5 33 100 
6 2 34 42 3 14 43 44 34 6 5 5 2 5 4 6 18 39 5 23 
45 19 40 23 2 23 10 2 6 6 5 5 2 5 6 9 1 3 1 2 
18 39 1 9 6 19 6 5 5 2 5 4 6 18 39 5 23 19 40 23 
2 23 10 2 7 18 41 23 19 40 23 2 23 5 6 18 9 3 19 40 
23 5 6 18 9 3 19 40 1 2 18 39 1 9 19 40 6 2 46 100 
6 47 4 47 7 8 2 7 22 8 2 2 23 7 23 6 2 1 10 9 
1 2 2 4 22 9 2 4 6 23 7 2 2 8 10 23 8 2 7 4 
47 4 47 10 2 6 47 4 47 7 8 2 7 22 8 2 2 23 7 23 
6 2 1 10 9 1 2 2 4 22 9 2 4 6 23 7 2 27 2 8 
10 23 8 2 7 4 47 4 47 10 2 11 10 2 8 10 23 8 2 7 
10 23 6 2 1 10 2 18 22 1 1 9 2 1 13 3 1 2 2 9 
4 9 1 2 9 9 4 6 2 25 6 4 4 4 2 4 9 1 4 2 
2 6 23 8 23 2 7 4 47 4 47 6 2 7 1 7 1 2 7 13 
3 1 2 2 9 4 9 1 2 9 9 4 6 2 2 4 10 4 6 2 
4 9 1 4 2 2 6 23 8 23 2 7 8 23 6 2 1 10 2 18 
22 1 1 9 2 1 13 3 1 2 2 9 4 9 1 2 9 9 4 6 
2 2 25 6 4 4 26 6 2 4 9 1 4 2 2 6 23 8 23 2 
7 4 47 4 47 7 2 6 47 4 47 7 8 2 7 10 2 7 8 2 
2 18 22 23 8 7 2 23 6 2 1 7 9 1 2 2 48 7 25 6 
2 48 7 25 6 24 4 4 4 2 48 7 4 24 26 6 2 24 21 100 
13 12 30 3 12 1 6 2 4 6 12 30 23 12 6 12 4 12 1 12 
3 12 2 13 12 3 12 1 12 4 12 6 12 23 12 1 12 4 12 2 
6 12 23 12 7 12 23 12 8 8 12 8 12 2 8 12 5 12 23 12 
8 12 1 6 2 4 6 12 30 23 12 6 12 4 12 1 12 3 12 2 
13 12 3 12 1 12 4 12 6 12 23 12 1 12 4 12 2 6 12 23 
12 8 12 23 12 7 7 12 7 12 2 7 11 11 7 30 8 23 6 2 
1 3 12 30 13 12 14 12 13 12 14 12 3 12 2 1 1 12 30 3 
12 13 12 3 12 1 12 4 12 2 6 12 23 12 8 12 23 12 6 6 
12 6 12 2 6 7 12 30 8 12 23 6 2 1 3 12 30 13 12 14 
12 13 12 14 12 3 12 2 1 1 12 30 3 12 13 12 3 12 1 12 
4 12 2 6 12 23 12 7 12 23 12 8 8 12 8 12 2 8 12 5 
12 23 12 8 12 1 6 2 4 5 12 30 23 12 6 12 4 12 1 12 
3 12 2 13 12 3 12 1 12 4 12 6 12 23 12 1 12 4 12 2 
4 12 2 6 12 23 12 8 12 23 12 7 7 12 7 12 2 7 11 100 
9 6 1 1 18 9 2 1 3 19 13 18 1 9 19 6 5 23 2 8 
18 23 5 8 19 7 1 1 18 9 2 1 3 19 13 18 16 14 19 3 
9 3 2 13 1 3 9 6 1 1 18 9 2 1 3 19 13 1 9 18 
6 5 23 19 2 8 23 21 5 8 7 1 1 18 9 2 1 3 19 13 
18 16 14 19 3 9 18 1 2 3 19 1 1 9 1 18 3 13 14 19 
2 16 13 1 18 4 9 19 1 3 18 13 2 14 19 3 9 6 1 18 
3 13 14 19 2 16 14 13 18 16 14 19 3 9 1 2 3 1 1 18 
13 16 19 13 1 18 13 2 16 19 13 1 18 13 14 19 3 9 18 3 
21 2 14 19 13 14 3 1 18 3 13 14 19 2 16 29 16 18 13 14 
2 16 29 16 18 13 14 19 3 9 18 1 2 3 19 1 1 24 21 100 
1 10 2 6 4 9 6 2 4 10 2 5 10 2 4 10 2 6 10 2 
23 10 2 6 10 2 9 33 2 9 10 2 9 22 2 1 2 9 10 2 
4 33 2 6 10 2 2 1 10 2 6 4 9 6 2 4 10 2 5 6 
4 5 2 6 10 2 23 5 6 23 2 2 1 33 2 1 10 2 1 22 
2 1 2 1 10 2 1 33 2 6 10 2 1 10 2 6 10 2 5 10 
2 23 33 2 5 10 2 6 49 2 2 9 33 2 9 10 2 9 22 2 
1 2 9 10 2 4 33 2 6 10 2 2 1 10 2 6 10 2 5 10 
2 23 33 2 5 10 2 6 49 2 2 1 33 2 1 10 2 1 22 2 
50 3 2 1 10 2 9 33 2 6 10 2 23 22 2 5 6 23 2 26 
8 22 2 23 5 8 2 7 22 2 8 23 7 2 2 1 4 9 1 2 
9 10 2 9 10 2 41 10 2 9 10 2 4 33 2 6 10 2 2 23 
22 2 5 6 23 2 8 22 2 23 5 8 2 7 22 2 8 23 7 2 
2 1 33 2 1 10 2 1 22 2 1 2 1 10 2 4 33 2 6 10 
2 23 10 2 7 10 2 23 10 2 8 10 2 41 10 2 8 10 2 7 
49 2 2 9 33 2 9 10 2 9 22 2 1 2 9 10 2 4 33 2 
6 10 2 2 23 10 2 6 10 2 9 10 2 8 10 2 41 10 2 8 
10 2 7 49 2 2 1 49 2 1 22 2 50 3 2 1 10 2 4 33 
49 2 1 22 2 50 3 2 1 10 2 4 33 2 6 10 2 24 21 100 
1 9 6 6 2 6 10 5 23 6 6 2 6 10 1 9 6 4 2 9 
6 5 6 4 9 2 1 13 1 9 6 6 2 6 10 5 23 6 6 2 
6 10 14 13 3 1 2 9 6 5 6 4 9 2 1 10 11 14 13 14 
13 2 3 13 3 1 3 1 2 9 1 3 13 16 14 2 3 1 9 3 
1 1 2 1 10 14 13 14 13 2 3 13 3 1 3 1 2 9 1 3 
1 2 9 1 3 13 3 1 2 9 6 5 6 4 9 2 1 10 11 100 
6 1 3 13 2 3 1 4 6 23 7 2 18 15 8 23 17 8 10 7 
19 7 23 6 2 6 23 6 4 3 3 2 3 1 4 1 3 13 2 3 
1 4 6 23 7 18 15 8 23 17 8 10 7 19 7 23 6 6 23 6 
4 1 1 2 1 10 11 11 14 13 1 13 2 16 13 1 14 13 14 2 
29 16 14 13 1 13 2 16 13 1 14 13 14 3 10 14 13 1 13 2 
16 13 1 14 13 14 2 29 16 14 13 14 16 2 3 13 14 13 1 1 
14 2 29 16 14 13 14 16 2 3 13 14 13 1 1 2 1 10 11 100 
9 1 2 11 2 3 6 2 18 22 6 6 6 2 9 6 3 9 2 2 
1 4 2 18 22 4 4 4 2 16 10 2 13 16 2 2 3 6 2 18 
22 6 6 6 2 9 6 3 9 2 1 13 3 1 2 9 6 9 1 2 
11 11 21 3 16 2 16 3 2 13 16 3 9 2 2 4 10 2 29 16 
14 3 2 13 14 2 2 16 10 2 16 3 2 13 16 3 9 2 2 1 
3 2 13 16 3 9 2 2 1 13 3 1 2 9 6 9 1 2 11 100 
6 47 2 2 7 23 6 2 6 10 4 2 2 9 6 1 2 9 6 5 
2 2 6 1 9 2 1 3 14 2 2 13 3 1 2 9 6 5 2 23 
7 23 2 5 6 4 2 2 9 6 1 2 9 6 5 2 2 6 1 9 
2 6 5 8 2 2 23 7 7 2 7 10 2 11 14 2 2 13 1 14 
2 13 3 9 2 2 6 1 9 2 6 1 3 2 2 13 1 14 2 13 
3 9 2 2 6 4 9 2 1 10 3 2 16 29 16 2 14 16 14 2 
2 13 14 13 2 3 1 9 2 2 6 1 9 2 6 5 8 2 2 23 
2 2 6 1 9 2 6 5 8 2 2 23 7 7 2 7 10 2 11 100 
7 10 2 1 33 2 6 10 2 23 10 2 7 10 2 2 41 10 2 8 
33 2 4 47 10 2 41 33 2 2 7 10 2 1 33 2 6 10 2 23 
33 2 2 7 10 2 23 33 2 6 10 2 5 10 2 8 10 2 7 10 
2 1 33 2 6 10 2 23 5 6 23 2 2 8 10 2 9 1 2 3 
1 9 4 2 9 1 3 9 2 7 22 2 1 2 3 1 9 4 2 23 
5 6 23 2 2 7 8 23 5 2 23 5 6 23 2 8 23 8 7 2 
7 10 2 1 10 2 3 1 9 4 2 6 5 23 6 2 8 10 2 9 
1 2 3 1 9 4 2 9 1 3 9 2 13 3 3 9 2 1 9 4 
6 2 23 5 6 23 2 2 7 10 2 1 10 2 3 1 9 4 2 9 
1 3 9 2 13 3 1 9 2 1 9 4 6 2 23 5 6 23 2 2 
8 10 2 9 1 2 3 1 9 4 2 9 1 3 9 2 1 10 2 13 
10 2 7 10 2 5 10 2 23 10 2 6 10 2 7 10 2 13 10 2 
7 10 2 13 10 2 9 1 3 9 1 10 2 13 10 2 7 10 2 5 
10 2 23 10 2 6 10 2 2 3 10 2 13 3 2 13 3 13 3 2 
13 3 1 9 1 10 2 3 1 2 3 1 9 4 2 6 5 23 8 2 
7 8 23 5 2 23 5 6 23 2 8 23 5 8 2 7 8 23 5 2 
6 23 5 6 2 4 6 5 23 2 2 8 7 8 23 2 8 7 41 4 
47 2 41 7 8 41 2 7 49 2 6 47 10 2 4 47 33 2 2 7 
8 23 5 2 6 10 2 7 10 2 41 10 2 8 10 4 47 10 2 7 
10 2 41 10 2 8 10 2 7 8 23 7 41 7 8 23 2 8 7 41 
4 47 2 41 7 8 41 2 6 47 4 47 41 6 47 2 4 47 41 7 
4 47 2 7 8 23 5 6 5 23 8 2 7 8 23 7 2 41 7 8 
41 2 7 10 2 23 7 2 8 10 2 5 8 2 23 5 6 23 7 1 
9 1 2 3 1 9 4 2 9 1 3 9 2 1 3 13 1 2 1 10 
2 7 10 2 23 10 2 6 10 2 2 7 10 2 23 33 2 6 10 2 
2 6 10 2 2 7 10 2 23 33 2 6 10 2 5 10 2 8 10 100 
18 7 20 8 19 2 31 21 2 18 5 22 2 6 4 6 19 2 2 51 
5 10 2 51 7 10 2 51 8 10 2 2 18 26 23 22 2 6 5 23 
19 2 2 26 23 10 2 8 10 2 18 7 20 8 19 2 31 21 2 5 
10 2 1 9 2 4 6 2 2 51 5 10 2 51 7 10 2 51 8 10 
2 2 15 6 17 5 20 23 2 5 20 6 2 4 20 9 2 2 1 33 
2 8 20 23 2 2 5 10 2 1 9 2 4 6 2 2 51 5 10 2 
51 7 10 2 51 8 10 2 2 26 23 10 30 2 23 18 5 12 6 12 
19 2 5 23 2 2 26 23 10 2 8 10 2 18 5 20 8 19 2 31 
21 2 7 22 2 4 47 2 18 7 8 12 23 12 19 2 2 7 33 2 
4 9 2 2 1 22 9 2 4 6 2 2 5 33 2 2 4 20 9 2 
31 21 2 1 10 2 9 4 2 6 5 2 2 9 33 2 9 50 4 2 
2 15 4 17 6 10 2 23 5 2 6 4 2 2 9 33 2 4 9 2 
31 21 2 1 10 2 9 4 2 6 5 2 2 18 9 1 12 3 12 19 
2 1 10 2 28 3 2 2 1 10 2 9 4 2 40 9 18 1 12 3 
12 19 2 2 1 33 2 40 14 18 13 12 3 12 19 2 2 1 10 2 
4 10 2 18 5 6 12 4 12 19 2 2 9 22 2 1 2 3 10 2 
2 2 8 10 2 6 4 2 9 6 2 2 5 10 2 23 10 2 5 8 
2 31 21 2 7 10 2 41 4 47 2 18 41 7 12 8 12 19 2 2 
7 33 2 4 9 2 2 1 22 2 9 2 4 6 2 2 5 33 2 100 
7 33 2 4 9 2 2 1 22 2 9 2 4 6 2 2 5 33 2 100 
6 2 1 3 13 10 2 3 1 2 1 20 9 6 22 2 5 2 25 23 
5 6 20 5 2 25 23 6 2 5 20 26 23 7 22 2 6 2 1 3 
13 10 2 3 1 2 9 6 46 16 22 2 14 2 13 3 1 20 13 2 
3 1 2 25 9 3 1 22 16 2 16 14 13 20 14 2 16 13 2 14 
13 3 20 13 2 14 3 2 13 3 1 20 13 2 3 1 2 1 25 9 
6 22 2 5 2 25 23 5 6 26 4 2 9 6 2 1 25 9 1 20 
3 2 46 16 20 14 2 13 3 1 20 13 2 3 1 2 25 9 3 1 
46 16 20 14 2 13 3 1 20 13 2 3 1 2 25 9 3 1 22 100 
7 8 12 10 23 12 10 5 10 2 5 10 2 5 4 6 9 4 10 2 
4 10 2 4 1 9 3 1 14 13 3 2 1 9 4 6 4 5 1 4 
2 9 6 23 7 5 10 2 5 10 2 5 4 6 9 4 10 2 4 10 
2 4 1 9 3 1 14 13 3 2 1 9 4 6 5 10 2 5 5 2 
5 10 11 11 1 9 4 14 1 14 2 4 14 1 14 9 14 3 14 2 
9 14 3 14 9 32 16 13 1 2 9 32 16 13 1 29 10 2 14 10 
2 14 10 2 1 9 4 14 1 14 2 4 14 1 14 9 14 3 14 2 
9 14 3 14 9 32 16 13 1 2 9 32 16 13 1 14 10 2 14 14 
32 16 13 1 2 9 32 16 13 1 14 10 2 14 14 2 14 10 11 100 
6 10 5 6 2 9 6 6 10 2 2 1 25 9 1 3 2 13 1 3 
1 2 2 6 10 5 6 2 9 6 6 10 2 2 1 13 3 1 2 9 
6 1 9 2 6 10 6 5 2 9 6 6 10 2 2 1 25 9 1 3 
2 13 22 14 2 2 16 13 14 3 2 13 1 3 25 9 2 27 2 1 
13 3 1 2 9 6 1 9 2 11 10 2 1 13 3 1 2 9 6 6 
10 2 11 21 3 14 14 10 2 3 1 9 1 2 2 3 13 14 3 2 
9 22 1 2 2 3 14 14 10 2 16 10 14 3 2 2 1 13 3 1 
2 9 6 6 10 2 3 14 14 10 2 16 14 14 10 2 2 13 1 3 
9 2 1 3 13 14 2 2 16 13 14 3 2 13 1 3 25 9 2 27 
2 1 13 3 1 2 9 6 6 10 2 11 10 2 1 13 3 1 2 9 
6 6 10 2 11 10 2 1 13 3 1 2 9 6 1 9 2 24 21 100 
1 4 2 2 6 23 2 18 22 23 23 23 2 4 23 6 23 2 2 7 
8 23 6 2 4 22 2 1 2 2 3 4 2 18 22 4 4 4 2 3 
14 13 3 2 2 1 13 3 1 2 4 9 1 4 2 6 23 2 18 22 
23 23 23 2 4 23 6 23 2 2 7 8 23 6 2 4 6 4 1 2 
2 3 14 13 14 2 18 22 3 3 3 2 1 4 2 2 6 23 8 23 
2 7 10 2 11 11 21 6 10 2 2 1 9 1 3 2 13 3 13 14 
2 2 16 13 29 13 2 16 13 1 13 2 2 3 4 2 18 22 4 4 
4 2 14 10 3 14 2 2 13 14 16 13 2 3 12 13 12 3 1 4 
2 6 23 2 18 22 23 23 23 2 6 4 1 3 2 2 13 29 2 18 
22 29 29 29 2 16 13 1 13 2 2 14 10 2 13 14 2 3 1 4 
2 13 14 2 3 1 4 1 2 2 6 23 8 23 2 7 10 2 11 100 
7 10 5 10 2 15 9 17 4 6 2 5 10 2 7 4 5 10 2 4 
5 2 1 5 4 14 5 10 2 15 9 17 4 6 2 5 10 2 7 4 
9 6 4 5 2 6 7 23 6 5 10 2 15 9 17 4 6 2 5 10 
2 7 23 5 6 4 9 2 1 5 4 14 29 16 14 13 2 14 10 2 
13 2 14 10 2 4 1 9 6 4 5 2 6 7 23 6 52 1 21 100 
18 6 12 4 12 19 9 6 6 2 3 6 6 9 4 6 2 3 6 6 
4 5 5 2 1 5 5 14 13 3 2 1 9 4 9 6 6 2 3 6 
6 9 4 6 2 3 10 25 13 14 26 13 3 2 1 9 4 9 6 6 
2 6 10 11 1 3 25 13 25 14 2 16 10 29 16 10 29 2 16 14 
3 3 25 13 25 14 2 16 10 29 16 14 3 2 14 10 1 3 25 13 
25 14 2 16 10 29 16 10 29 2 16 14 3 14 13 3 2 1 9 4 
29 2 16 14 3 14 13 3 2 1 9 4 9 6 6 2 6 10 11 100 
7 1 1 2 1 6 5 2 23 5 8 2 2 7 1 1 2 1 9 4 
2 9 1 3 2 2 1 3 13 2 14 3 9 2 1 10 4 2 27 2 
6 4 9 2 1 6 5 2 23 5 23 11 10 2 4 6 23 2 1 6 
23 2 8 23 6 11 4 8 4 2 4 6 5 2 23 10 23 2 2 8 
4 4 2 4 6 23 2 6 4 9 2 2 4 8 8 2 4 6 5 2 
23 10 23 2 27 2 7 8 7 2 23 7 23 2 6 4 9 11 10 2 
23 2 6 4 9 11 10 2 7 8 7 2 4 6 23 2 8 23 6 100 
18 4 47 8 19 18 8 23 19 2 18 5 4 19 6 5 23 7 6 7 
2 4 7 6 7 5 23 8 23 2 5 6 4 25 9 27 2 1 4 6 
23 2 5 8 2 8 2 28 11 10 2 1 25 9 1 4 3 10 2 3 
13 14 13 3 13 2 14 29 16 14 13 1 16 1 2 29 1 16 1 14 
13 3 13 2 14 29 16 14 13 3 25 1 3 2 13 3 3 13 14 13 
3 13 2 14 29 16 14 13 1 16 1 2 29 1 16 1 14 13 3 13 
3 13 2 14 13 3 25 9 1 4 6 23 2 5 8 2 8 2 28 100 
7 22 12 10 30 8 12 30 23 12 30 5 12 2 6 4 9 1 9 4 
2 6 5 23 5 4 23 2 8 23 8 23 6 23 2 7 8 7 7 22 
12 10 30 8 12 30 23 12 30 5 12 2 6 4 9 1 9 4 2 6 
23 6 48 27 2 4 9 1 2 3 1 9 1 6 5 2 23 8 7 11 
48 10 2 4 9 1 2 3 13 14 13 1 1 2 1 10 14 13 1 1 
2 13 1 13 3 9 6 2 3 13 14 13 1 1 2 1 3 13 15 16 
17 14 13 14 2 3 40 13 14 13 12 30 14 12 30 16 13 2 14 16 
29 16 13 1 2 9 4 6 48 27 2 4 9 1 2 3 13 14 13 1 
1 2 1 10 11 48 10 2 4 9 1 2 3 1 9 1 6 5 2 23 
10 11 48 10 2 4 9 1 2 3 1 9 1 6 5 2 23 8 7 100 
18 22 18 6 4 9 19 18 22 1 1 1 2 1 20 6 2 4 20 5 
2 53 5 10 23 20 5 6 20 9 2 4 20 5 53 5 10 18 15 16 
17 14 10 19 2 14 20 13 2 3 20 1 9 20 1 18 22 18 3 13 
3 19 2 18 22 18 1 9 4 19 2 6 20 4 18 15 1 17 18 9 
19 6 19 18 22 1 1 1 2 1 20 6 2 4 20 5 2 53 5 10 
23 20 5 6 20 9 2 4 20 5 5 10 6 20 13 3 20 13 2 14 
20 3 9 20 1 3 20 1 18 15 3 17 18 1 19 9 19 2 1 10 
11 11 18 13 14 19 16 20 13 1 20 13 21 2 14 20 13 3 20 1 
18 22 18 3 13 3 19 2 1 20 4 2 6 20 5 23 20 5 6 20 
13 3 20 13 2 14 20 13 3 20 1 18 22 18 4 9 1 19 2 3 
20 13 2 3 10 13 20 14 16 20 13 1 20 13 2 14 20 13 3 20 
1 18 22 3 13 3 2 1 20 4 2 6 20 5 23 20 5 6 20 13 
3 20 13 2 14 20 3 21 9 20 1 3 20 1 18 15 3 17 18 1 
9 20 1 3 20 1 18 15 3 17 18 1 19 9 19 2 1 10 11 100 
1 4 5 8 2 8 5 8 8 5 8 2 8 1 4 6 23 7 2 7 
23 7 7 23 6 2 1 25 9 1 4 5 8 2 8 5 8 8 5 8 
2 18 1 10 3 19 13 1 4 2 6 5 18 23 5 19 8 8 2 8 
10 11 11 4 3 4 3 2 14 13 3 29 14 3 2 3 13 14 1 3 
1 2 13 3 1 16 13 1 2 1 3 13 48 27 2 3 13 3 2 14 
13 3 29 14 3 2 3 1 9 4 9 4 2 6 5 18 6 4 19 5 
8 2 8 10 11 48 10 2 14 13 14 2 16 14 16 29 16 14 2 13 
14 16 14 21 13 3 2 1 4 18 6 4 19 5 8 2 8 10 24 21 
16 14 21 13 3 2 1 4 18 6 4 19 5 8 2 8 10 24 21 100 
5 1 1 25 9 2 2 2 1 10 2 18 26 9 4 19 2 2 6 23 
9 23 2 2 2 2 1 23 9 23 2 2 2 2 5 1 1 25 9 2 
2 1 10 2 18 1 26 3 19 2 2 13 1 9 6 2 1 9 4 6 
2 2 5 1 1 25 9 2 2 2 1 10 2 18 26 9 4 19 2 2 
6 23 9 23 2 2 2 2 1 23 9 23 2 2 2 2 5 1 1 25 
9 2 2 1 10 2 2 1 26 3 2 2 2 13 1 9 6 2 6 5 
2 5 10 2 14 10 2 18 1 14 19 2 14 10 2 18 16 14 19 2 
2 2 13 1 1 26 3 2 13 10 2 2 18 13 3 19 2 2 14 10 
2 14 25 13 2 14 10 2 2 16 14 2 2 2 2 13 1 9 6 2 
1 4 9 6 2 2 14 1 1 25 13 2 2 2 14 10 2 18 16 14 
19 2 2 2 13 1 1 26 3 2 13 10 2 18 25 13 14 19 2 2 
16 29 16 14 2 2 2 25 13 14 16 14 2 2 2 2 2 13 1 9 
14 2 2 2 2 2 13 1 9 6 2 6 5 2 5 10 2 24 21 100 
18 5 8 19 7 10 18 7 8 19 2 5 10 5 10 4 5 4 1 2 
9 4 6 5 23 5 8 23 2 7 8 23 5 6 23 9 23 2 8 10 
18 5 8 19 7 10 18 7 8 19 2 5 10 5 10 4 5 4 1 2 
3 13 14 3 1 9 21 4 6 2 5 23 5 6 4 10 5 10 5 10 
11 11 18 22 1 3 13 14 10 18 14 13 19 2 14 29 16 14 13 10 
18 13 3 19 2 13 16 14 13 3 1 3 13 2 14 13 3 1 4 10 
3 10 2 3 10 18 14 3 19 1 4 5 4 2 1 10 18 4 1 19 
18 22 18 3 13 14 19 21 2 18 13 16 19 2 14 10 18 14 3 19 
14 3 19 1 9 4 6 2 5 23 5 6 4 10 5 10 5 10 11 100 
8 4 2 4 6 2 4 6 12 5 12 23 5 2 2 8 4 2 4 6 
2 23 5 2 23 10 2 2 8 4 2 4 6 2 4 6 12 5 12 23 
5 2 2 8 4 2 4 6 2 23 5 2 8 10 2 11 11 21 6 5 
2 23 10 2 6 5 2 23 10 2 2 5 10 2 8 10 2 4 10 2 
6 10 2 2 5 10 2 6 4 2 5 23 2 8 8 2 2 5 10 2 
23 2 8 8 2 2 5 10 2 6 4 2 5 23 2 8 10 2 11 100 
18 22 6 4 9 1 9 1 3 2 13 1 6 23 5 23 5 6 2 4 
5 8 1 3 13 14 3 2 9 1 3 9 1 3 13 1 2 6 10 18 
22 6 4 9 1 9 1 3 2 13 1 6 23 5 23 5 6 2 4 5 
8 1 3 13 14 3 2 9 6 4 9 1 13 3 9 2 1 10 11 11 
1 3 13 3 13 14 2 16 13 1 13 14 13 14 16 2 29 14 3 14 
13 14 16 13 2 1 3 13 1 9 3 1 4 2 6 10 2 1 3 13 
3 13 14 2 16 13 1 13 14 13 14 16 2 29 14 3 14 16 13 14 
3 14 16 13 14 3 2 13 1 3 9 1 13 3 9 2 1 10 11 100 
6 11 8 10 2 6 2 6 10 2 4 9 10 2 6 2 4 5 8 5 
6 5 2 6 5 8 5 10 2 4 2 5 8 7 8 10 2 6 2 6 
10 2 9 4 6 5 2 4 9 1 3 14 3 2 1 4 5 6 22 2 
6 22 11 11 3 10 2 16 2 16 10 2 29 9 32 10 2 14 2 16 
14 3 14 10 2 1 2 14 10 2 16 29 10 2 16 2 14 3 1 3 
10 2 16 2 16 29 9 32 29 16 14 2 16 10 2 3 14 25 13 3 
2 16 10 2 3 14 25 13 3 2 1 4 5 6 22 2 6 22 11 100 
7 10 5 20 23 5 20 4 2 6 20 5 8 20 23 5 20 23 5 20 
4 2 3 10 1 1 3 20 1 4 20 1 2 9 20 6 8 20 23 5 
20 4 6 20 5 2 8 10 7 10 5 20 23 5 20 4 2 6 20 5 
8 20 23 5 20 23 5 20 4 2 3 10 1 1 3 20 1 4 20 1 
2 9 20 6 8 20 23 5 10 4 10 2 5 10 11 11 1 10 3 20 
25 1 3 20 13 2 14 20 13 14 20 4 5 20 4 6 20 5 2 8 
10 7 10 5 20 23 5 20 4 2 3 20 1 4 20 5 6 20 25 5 
6 20 4 2 6 10 1 10 3 20 25 1 3 20 13 2 14 20 13 14 
20 4 5 20 4 6 20 5 2 8 10 7 10 5 20 23 5 20 4 2 
23 5 20 4 2 3 20 1 4 20 5 6 10 23 10 2 5 10 11 100 
3 13 20 9 2 18 18 22 9 9 9 19 2 16 10 2 18 14 13 19 
18 18 22 14 16 29 19 2 18 16 14 19 2 13 1 1 3 27 2 13 
20 9 2 18 18 22 9 9 9 19 2 16 10 14 13 18 18 22 14 16 
29 19 2 16 14 2 13 10 2 18 13 14 19 11 10 2 13 14 16 14 
2 13 1 9 6 4 5 9 6 2 23 10 2 23 9 6 23 9 23 2 
6 23 9 23 4 5 1 5 2 4 5 1 5 6 23 9 23 2 6 23 
9 23 4 5 9 6 2 23 10 2 23 9 6 23 9 23 2 6 23 9 
23 4 5 1 5 2 4 5 1 5 23 6 2 18 18 22 9 1 3 19 
22 9 1 3 19 2 13 1 9 6 4 5 9 6 2 23 10 2 23 100 
8 6 6 4 2 9 10 18 4 6 19 4 5 5 6 2 4 9 1 4 
6 8 6 4 2 9 1 3 25 13 48 27 2 14 3 1 4 2 9 10 
18 4 6 19 11 48 10 2 14 3 1 4 2 18 4 6 19 6 10 16 
10 2 3 16 2 16 10 21 2 14 3 1 10 4 5 2 18 4 1 19 
1 10 16 10 3 16 2 16 10 29 16 14 3 1 4 2 18 39 4 6 
19 6 10 16 10 3 16 2 16 10 14 3 1 10 4 5 2 18 4 1 
19 1 10 8 6 6 4 2 9 1 3 25 13 14 3 1 4 21 18 39 
9 1 3 25 13 14 3 1 4 21 18 39 4 6 19 6 10 24 21 100 
23 8 2 11 2 2 7 23 2 4 1 2 13 10 3 1 2 2 9 3 
2 1 9 2 4 1 2 9 4 2 2 6 9 2 4 6 2 5 9 2 
1 9 2 2 4 5 2 5 5 2 5 10 23 8 2 2 21 7 23 2 
4 1 2 13 13 2 3 1 2 2 9 3 2 1 9 2 4 1 2 9 
4 2 2 6 9 2 4 6 2 5 29 2 16 14 2 27 2 13 3 2 
1 9 2 4 10 23 8 2 11 10 2 13 3 2 1 9 2 4 10 4 
9 2 11 21 1 10 13 10 4 10 9 1 2 2 3 1 9 4 2 9 
10 4 9 2 2 1 10 5 10 5 10 6 4 2 2 9 4 6 5 2 
23 10 4 9 2 1 10 13 10 4 10 9 1 2 2 3 1 9 4 2 
9 10 4 7 2 2 8 23 5 6 2 4 10 4 23 2 27 2 5 4 
6 9 4 10 4 9 2 11 10 2 5 4 6 9 2 4 10 23 8 2 
10 4 9 2 11 10 2 5 4 6 9 2 4 10 23 8 2 24 21 100 
23 6 6 23 2 5 23 8 7 23 6 6 9 2 1 6 4 5 23 6 
6 23 2 5 4 1 4 6 1 13 3 2 1 9 4 6 23 6 6 23 
2 5 23 8 7 23 6 6 9 2 1 6 4 5 23 6 6 23 2 5 
4 1 4 6 23 7 21 23 2 8 10 7 10 16 13 1 13 2 14 13 
14 3 16 13 1 13 2 18 3 4 19 4 10 16 13 1 13 2 14 13 
14 3 16 13 1 13 2 3 10 1 10 16 13 1 13 2 14 13 14 3 
16 13 1 13 2 18 3 4 19 4 10 1 3 13 14 2 16 13 29 13 
13 14 2 16 13 29 13 21 16 13 1 13 2 3 10 1 10 24 21 100 
18 5 12 6 12 19 4 22 2 6 5 23 7 5 5 2 5 10 6 4 
6 4 2 9 4 9 1 14 14 2 13 1 9 4 5 4 2 6 23 6 
7 5 5 2 23 5 6 4 1 4 2 9 6 23 6 5 5 2 5 10 
11 11 2 6 4 6 4 2 9 4 9 1 14 14 2 13 1 9 1 14 
14 2 14 13 14 16 14 13 2 14 10 2 48 6 16 24 48 27 2 4 
6 4 2 9 4 9 1 14 14 2 13 1 9 4 10 1 2 9 6 23 
6 5 5 2 5 10 11 48 10 2 29 14 29 2 16 13 16 14 13 1 
2 9 6 23 21 4 9 1 2 9 6 23 6 5 5 2 5 10 24 21 
9 6 23 21 4 9 1 2 9 6 23 6 5 5 2 5 10 24 21 100 
1 14 13 14 2 16 14 13 1 14 14 2 13 1 9 6 5 5 2 18 
6 12 5 12 23 8 19 7 5 5 2 6 5 5 14 13 14 2 16 14 
13 1 14 14 2 13 1 9 6 5 5 2 18 6 12 5 12 23 8 19 
7 5 5 2 5 10 11 6 1 3 1 2 9 6 6 1 3 1 2 9 
6 5 18 23 12 5 12 6 19 40 4 2 9 6 5 18 23 12 5 12 
6 19 40 4 2 39 9 10 6 1 3 1 2 9 6 6 1 3 1 2 
9 6 5 18 23 12 5 12 6 19 40 4 2 9 6 5 23 5 5 2 
23 12 5 12 6 19 40 4 2 9 6 5 23 5 5 2 5 10 11 100 
18 14 13 19 2 34 25 52 3 14 43 44 34 2 3 20 9 2 18 15 
1 17 18 22 18 9 19 4 16 19 2 5 20 8 2 18 15 23 17 18 
22 18 8 19 7 8 19 7 1 18 15 3 17 1 19 25 9 2 34 25 
2 2 53 34 54 1 22 13 3 9 21 2 18 15 1 17 18 22 18 9 
19 4 9 19 2 5 23 8 7 41 9 4 1 2 9 10 2 46 2 11 
18 9 13 19 3 9 14 9 2 16 9 14 9 6 1 18 15 3 17 1 
19 25 9 2 2 34 25 2 2 53 34 54 1 22 13 3 9 14 9 2 
16 9 14 9 5 9 4 1 2 2 34 25 2 2 53 34 54 9 22 13 
3 9 14 9 2 16 9 14 9 6 1 18 15 3 17 1 19 25 9 2 
2 34 25 2 2 53 34 54 1 22 13 18 22 18 3 13 14 19 2 16 
14 2 13 3 1 9 5 9 4 1 2 9 3 14 13 2 34 25 52 3 
4 1 2 9 3 14 13 2 34 25 52 3 14 43 44 34 2 24 21 100 
7 10 18 5 23 19 2 5 6 4 9 1 10 18 13 1 19 2 14 1 
4 5 8 10 18 9 4 19 2 6 5 23 6 5 23 5 8 2 7 41 
4 47 6 47 5 47 10 2 18 5 23 19 2 5 6 4 9 1 14 13 
16 2 14 1 4 5 8 9 3 9 2 4 6 5 23 5 10 5 10 5 
10 28 10 11 11 4 1 14 1 2 9 4 9 1 3 9 4 9 2 6 
25 5 6 4 9 13 16 13 2 1 9 4 9 1 23 5 8 2 7 41 
4 47 6 47 4 1 14 1 2 9 4 9 1 3 14 13 16 2 14 1 
4 5 8 9 3 9 2 4 6 5 23 5 10 5 10 5 10 28 10 11 
55 2 2 6 4 41 10 56 57 43 2 58 3 36 52 57 44 43 2 10 
58 3 36 52 57 44 43 2 10 40 27 2 10 12 59 12 60 61 21 100 
1 9 2 11 2 4 20 5 2 18 22 5 5 5 2 4 5 1 5 2 
2 4 20 5 2 18 22 5 5 5 14 10 13 14 2 2 16 6 2 18 
22 6 6 6 2 6 9 4 6 2 27 2 18 22 4 9 1 2 3 13 
2 14 3 1 9 2 11 10 2 18 22 4 9 1 2 3 13 2 14 3 
1 4 2 11 2 39 5 23 5 7 2 8 7 8 23 2 2 5 23 5 
7 2 4 47 5 47 4 47 7 2 2 39 5 23 5 7 2 8 7 8 
5 2 27 2 18 22 3 13 14 2 1 4 2 4 6 6 4 2 11 10 
2 18 22 3 13 14 2 1 4 2 4 6 6 13 2 2 14 20 1 2 
18 22 1 1 1 2 14 16 14 13 2 2 3 1 3 13 2 14 1 4 
1 2 2 14 20 1 2 18 22 1 1 1 2 14 16 14 13 2 2 3 
1 3 13 2 18 22 14 14 14 2 14 16 2 2 14 1 4 1 2 14 
1 4 1 2 2 3 1 3 13 2 14 1 4 1 2 2 14 10 15 16 
17 14 13 2 14 29 16 14 2 2 3 1 3 13 2 14 29 16 13 2 
2 3 10 1 4 2 4 6 6 4 2 2 5 4 1 4 2 5 4 1 
14 2 2 3 10 1 4 2 9 6 4 6 2 2 5 8 7 8 5 10 
53 14 10 2 2 18 22 3 13 14 2 1 4 2 9 6 4 6 2 2 
5 4 1 4 2 5 4 1 14 2 2 18 22 3 13 14 2 1 4 2 
1 4 2 9 6 4 6 2 2 5 8 7 8 2 5 10 2 24 21 100 
6 4 6 5 2 23 5 6 4 9 1 9 6 2 4 1 9 4 6 4 
6 5 2 23 5 6 14 13 34 62 36 34 1 3 25 9 2 6 1 2 
1 10 11 1 3 13 14 2 16 34 62 36 34 13 14 34 62 36 34 3 
13 34 62 36 34 1 9 6 2 23 5 6 9 1 3 13 14 2 16 34 
62 36 34 13 14 34 62 36 34 3 13 34 62 36 34 1 3 34 62 36 
34 25 9 2 6 1 2 1 10 1 3 13 14 2 16 10 2 14 34 62 
36 34 3 18 22 13 14 16 2 14 34 62 36 34 3 2 13 10 2 1 
13 16 34 62 36 34 13 14 34 62 36 34 3 2 16 29 16 14 13 34 
13 34 62 36 34 1 3 34 62 36 34 25 9 2 6 1 2 1 10 100 
41 7 8 6 30 2 6 41 7 8 2 2 6 9 10 4 10 2 23 8 
7 2 2 41 7 8 6 30 2 6 41 7 8 2 2 6 9 10 4 10 
2 9 1 9 30 2 9 6 8 4 30 2 4 5 8 23 2 26 5 5 
6 23 30 2 23 7 6 47 8 30 2 2 8 41 8 7 30 2 7 4 
47 5 47 6 47 30 2 2 6 47 61 2 11 11 21 5 47 6 47 4 
47 8 30 2 8 5 47 6 47 4 47 2 2 5 23 10 8 10 7 10 
41 2 2 5 47 6 47 4 47 8 30 2 8 5 47 6 47 4 47 2 
2 5 23 10 8 10 7 10 41 2 9 6 8 4 30 2 4 5 8 23 
2 26 5 5 6 23 30 2 23 7 6 47 8 30 2 2 8 41 8 7 
8 7 30 2 7 4 47 5 47 6 47 30 2 2 6 47 61 2 11 100 
1 3 9 2 6 10 13 2 3 9 6 2 2 1 3 9 2 6 10 14 
2 13 10 3 2 2 1 3 9 2 6 10 13 2 3 9 6 2 2 13 
4 4 2 4 9 3 2 13 10 3 2 11 16 10 16 2 16 10 13 2 
3 9 6 2 2 16 1 16 2 16 10 3 2 13 10 3 2 2 13 14 
16 2 16 1 16 2 3 9 3 2 2 13 4 4 2 4 9 3 2 13 
10 3 2 16 1 16 2 16 1 16 2 3 9 6 2 2 16 1 16 2 
16 10 3 2 13 10 3 2 2 13 14 16 2 16 1 16 2 3 9 3 
16 2 3 9 3 2 2 13 4 4 2 4 9 3 2 13 10 3 2 100 
7 2 2 8 20 5 8 2 2 7 5 6 2 2 4 1 4 2 2 6 
10 4 12 6 12 2 2 5 10 8 8 2 2 7 5 6 2 2 21 4 
5 5 2 27 2 5 10 11 2 10 2 5 22 2 2 11 4 20 6 4 
12 9 12 2 2 1 4 5 2 2 6 5 6 2 2 21 4 9 1 2 
2 3 1 4 2 2 6 10 5 12 10 6 12 10 2 2 4 6 5 2 
2 8 10 7 2 2 8 10 8 12 10 8 12 10 2 2 7 5 6 2 
2 21 4 1 4 2 2 6 10 4 12 6 12 2 2 5 10 8 12 10 
8 12 10 2 2 7 5 6 2 2 4 5 20 5 2 2 5 22 2 11 
2 2 7 5 6 2 2 4 5 20 5 2 2 5 22 2 11 2 21 100 
5 9 10 2 18 53 3 1 19 2 15 9 17 4 10 2 18 6 5 19 
18 9 4 19 2 18 53 6 5 19 2 15 23 17 8 10 2 18 5 20 
6 19 18 4 1 22 19 2 18 7 22 8 19 18 5 6 12 10 4 12 
10 19 2 15 4 17 18 53 6 20 5 19 2 5 10 28 11 5 18 4 
22 1 19 2 18 3 10 2 26 13 10 19 18 3 22 1 19 2 18 9 
4 19 2 18 53 6 5 19 34 20 34 4 10 2 34 20 34 1 10 2 
34 20 34 3 10 2 34 20 34 13 10 34 20 34 14 22 4 2 15 4 
17 6 10 2 28 13 34 20 34 14 10 2 3 15 13 3 17 1 2 4 
10 2 6 15 4 6 17 5 18 9 4 19 2 6 15 4 6 17 5 2 
15 23 17 8 10 2 18 5 20 6 19 18 4 1 22 19 2 18 7 22 
8 19 18 5 6 12 10 4 12 10 19 2 15 4 17 18 6 20 5 19 
12 10 4 12 10 19 2 15 4 17 18 6 20 5 19 2 5 10 28 100 
4 9 4 6 2 4 6 18 5 6 19 5 8 2 18 5 8 19 7 9 
4 6 2 1 4 18 5 8 19 6 6 2 6 10 4 9 4 6 2 4 
6 18 5 6 19 5 8 2 18 5 8 19 18 7 8 19 23 8 2 39 
8 10 18 7 8 19 6 6 2 6 10 11 11 4 9 4 9 2 1 9 
18 1 3 19 9 6 2 18 5 8 19 7 9 4 9 2 1 26 13 18 
1 9 19 6 4 2 39 9 10 1 3 1 9 2 1 9 4 18 9 4 
19 18 6 2 5 19 8 18 7 8 19 23 8 2 39 21 8 10 18 7 
8 19 23 8 2 39 21 8 10 18 7 8 19 6 6 2 6 10 11 100 
9 20 6 5 2 5 6 5 2 2 23 7 26 8 2 23 10 1 2 2 
9 20 6 5 2 5 6 9 2 2 1 26 3 14 2 13 10 9 2 2 
1 20 14 14 2 40 14 25 13 12 14 12 16 2 2 40 14 18 26 3 
12 25 13 12 14 19 2 40 26 13 18 1 12 26 3 12 13 19 2 2 
18 26 3 13 3 1 19 40 9 2 18 1 50 3 1 9 19 40 6 2 
2 18 9 1 9 4 6 5 19 2 25 23 7 41 2 2 7 20 5 5 
2 5 6 5 2 2 25 23 5 6 2 18 6 63 26 13 19 1 2 2 
9 6 5 2 25 23 7 23 2 2 5 22 2 5 10 2 11 11 2 8 
2 31 21 2 23 20 8 7 2 41 4 47 6 47 2 2 5 47 20 5 
5 2 5 47 20 5 5 2 2 5 9 9 2 18 9 12 1 12 9 12 
4 12 6 12 19 5 12 2 2 6 1 1 2 1 10 26 3 2 2 13 
9 6 2 13 9 6 2 2 5 14 14 2 14 25 13 14 2 2 18 16 
12 29 12 16 12 14 12 25 13 12 16 12 19 2 18 14 12 16 12 14 
12 26 13 12 26 3 12 14 12 19 2 2 18 13 12 14 12 13 12 26 
3 12 1 12 9 12 19 2 18 1 12 50 3 12 1 12 9 12 4 12 
6 12 19 2 2 13 6 5 2 25 23 5 6 2 2 13 6 5 2 25 
23 5 6 2 2 1 5 5 2 25 23 7 23 2 2 5 22 2 5 10 
2 2 1 5 5 2 25 23 7 23 2 2 5 22 2 5 10 2 11 100 
18 5 20 6 19 2 2 4 20 4 2 4 10 2 18 6 20 5 19 2 
2 5 10 2 7 10 2 18 5 20 6 19 2 2 4 10 2 4 10 2 
18 14 20 3 19 2 2 15 3 17 1 33 2 18 14 20 3 19 2 3 
1 2 1 4 2 18 6 20 5 19 2 2 5 10 2 7 10 2 18 5 
20 6 19 2 2 4 10 2 4 10 2 18 15 4 17 6 20 5 19 2 
2 5 33 2 18 1 20 3 19 2 2 14 22 2 18 16 2 29 16 19 
2 2 15 16 17 14 10 2 1 10 2 18 1 20 3 19 2 2 14 1 
2 9 4 2 6 5 2 2 15 5 17 6 33 2 18 4 20 1 19 2 
14 10 2 14 20 16 2 29 16 2 2 14 10 2 1 10 2 4 20 9 
2 2 1 14 2 29 10 2 15 29 17 16 20 14 2 2 14 33 2 13 
20 14 2 14 1 2 9 4 2 6 5 2 2 5 10 2 7 10 2 5 
6 2 2 4 10 2 4 10 2 18 15 4 17 6 20 5 19 2 2 5 
4 10 2 4 10 2 18 15 4 17 6 20 5 19 2 2 5 33 2 100 
4 20 9 1 20 14 2 18 22 14 13 3 2 1 20 4 3 20 1 4 
20 5 7 20 4 2 6 10 6 20 5 23 20 5 6 20 4 2 9 20 
1 3 20 13 18 22 14 29 16 2 18 22 14 13 3 2 1 10 4 20 
9 1 14 2 18 22 14 13 3 2 1 20 4 3 20 1 4 20 5 7 
20 4 2 6 10 6 20 5 23 20 5 6 20 4 2 9 20 1 3 20 
13 14 20 13 14 20 16 2 14 10 11 11 3 20 13 14 20 29 16 20 
14 2 13 20 16 14 20 13 3 21 20 13 2 18 22 14 13 3 2 13 
20 1 4 20 1 14 20 29 16 20 14 2 13 20 16 14 20 13 3 20 
13 2 18 22 14 13 3 2 13 10 4 10 18 22 9 9 9 2 6 20 
9 2 18 22 4 4 4 2 5 20 4 18 22 6 6 6 2 23 20 6 
2 8 20 23 7 10 7 20 8 23 20 5 2 6 21 20 4 9 20 6 
4 9 20 6 18 22 5 4 1 2 18 22 14 1 4 2 5 10 11 100 
5 10 4 1 2 14 1 4 1 9 4 6 9 2 4 5 8 23 5 10 
4 1 2 14 1 4 1 3 9 6 23 2 5 23 8 7 5 10 4 1 
2 14 1 4 1 9 4 6 9 2 4 5 8 23 5 10 4 1 2 14 
1 4 1 3 9 6 21 23 2 5 10 3 13 14 29 3 13 2 14 3 
1 13 14 29 3 13 2 14 10 3 13 14 29 3 13 2 14 3 1 9 
4 5 6 23 2 5 10 3 13 14 29 3 13 2 14 3 1 13 14 29 
3 13 2 14 10 14 16 29 14 16 13 2 14 13 3 1 3 14 13 16 
16 13 2 14 13 3 1 3 14 13 16 2 14 10 2 28 10 24 21 100 
3 9 10 2 15 1 17 18 22 9 4 6 2 4 8 8 7 41 8 6 
9 2 1 13 3 1 9 10 2 15 1 17 18 22 9 4 6 2 5 6 
4 9 1 3 13 14 2 16 13 3 1 9 10 2 15 1 17 18 22 9 
4 6 2 4 8 8 7 41 8 6 9 2 1 13 3 1 9 10 2 15 
1 17 18 22 9 4 6 2 5 6 4 14 16 13 3 9 2 6 12 10 
6 12 10 6 2 6 14 16 6 2 6 12 10 6 12 10 6 2 16 6 
9 6 5 4 8 4 2 5 4 8 14 16 6 2 6 12 10 6 12 10 
6 2 16 6 9 6 5 4 8 4 2 9 6 6 14 16 6 2 6 12 
10 6 12 10 6 2 16 6 9 6 5 4 8 4 2 8 4 8 14 16 
14 13 3 2 13 3 1 9 1 8 23 5 2 6 10 3 10 16 3 9 
32 3 2 16 3 9 32 3 29 3 1 32 3 2 29 3 1 32 3 9 
32 3 3 32 3 2 9 32 3 3 32 3 1 9 4 6 2 8 6 2 
6 10 16 3 9 32 3 2 16 3 9 32 3 29 3 1 32 3 2 29 
3 1 32 3 9 32 3 3 32 3 2 9 32 3 3 32 3 1 9 4 
6 2 8 6 2 6 10 9 3 13 3 2 9 3 13 3 1 9 4 6 
2 4 8 2 8 10 9 3 13 3 2 9 3 13 3 13 16 14 29 2 
16 13 3 1 9 3 13 3 2 9 3 13 3 18 22 13 14 16 2 3 
9 2 4 8 2 8 10 3 9 3 16 2 13 1 13 16 14 29 3 14 
2 16 3 13 1 55 21 55 2 42 8 8 2 54 64 39 8 42 2 39 
64 2 51 65 42 42 2 5 66 54 54 65 54 5 32 42 2 7 8 67 
65 54 5 32 42 2 7 8 67 65 5 46 39 2 68 10 27 33 21 100 
18 1 9 19 34 25 52 3 14 43 44 34 2 4 20 5 2 18 22 5 
5 5 2 4 5 1 9 4 20 5 2 18 22 5 5 5 2 1 10 9 
4 9 20 6 2 18 22 6 6 6 2 9 6 3 6 9 20 6 2 18 
22 6 6 6 2 3 10 1 9 21 4 20 5 2 18 22 5 5 5 2 
4 5 1 9 4 20 5 2 18 22 5 5 5 2 1 10 9 4 9 3 
1 9 2 4 5 6 23 7 5 5 23 5 10 18 4 6 19 5 14 14 
13 2 14 3 1 4 5 14 14 13 2 14 3 1 4 6 16 16 25 14 
2 16 3 9 4 6 16 16 25 14 2 16 3 9 6 5 14 14 13 2 
14 3 1 4 5 14 14 13 2 14 13 14 16 14 13 3 13 2 14 21 
3 13 2 14 21 13 3 14 29 14 16 13 2 14 3 1 4 24 21 100 
6 5 2 31 21 2 8 10 3 10 2 3 13 14 3 2 2 1 9 4 
6 2 5 10 6 4 2 2 9 10 4 6 2 3 1 9 4 2 2 6 
4 6 5 2 8 22 7 2 2 8 10 3 10 2 3 13 14 3 2 2 
1 9 4 6 2 5 10 6 4 2 2 9 10 4 6 2 3 1 9 4 
2 2 6 33 2 6 10 2 2 25 9 1 2 31 21 2 3 10 16 10 
2 16 10 29 10 2 2 16 25 14 3 25 9 2 1 10 9 1 2 2 
3 10 16 10 2 25 14 16 29 14 2 2 16 22 25 14 2 3 10 13 
10 2 2 26 14 13 14 16 2 14 10 13 3 2 2 1 9 4 6 2 
5 10 6 4 2 2 9 10 4 6 2 3 1 9 4 2 2 6 33 2 
2 2 9 10 4 6 2 3 1 9 4 2 2 6 33 2 6 10 2 100 
6 1 20 3 1 2 13 14 16 2 2 14 20 16 13 2 3 9 6 2 
2 1 20 3 1 2 13 14 16 2 2 9 20 6 6 2 6 10 6 2 
1 20 3 1 2 13 14 16 2 14 20 16 13 2 3 9 6 2 2 1 
13 16 2 14 3 9 2 2 6 20 1 1 2 1 10 2 11 18 1 12 
3 12 19 2 2 13 20 3 1 2 9 6 5 2 2 6 20 1 1 2 
9 6 5 2 2 13 20 3 1 2 9 6 5 2 2 6 1 3 2 13 
10 2 18 13 12 14 12 19 2 16 14 13 2 14 13 3 2 2 1 13 
3 2 1 9 6 2 2 13 3 1 2 9 6 5 2 2 6 20 1 1 
2 13 3 1 2 9 6 5 2 2 6 20 1 1 2 1 10 2 11 100 
9 1 34 62 36 34 3 10 2 1 4 2 34 62 36 34 3 10 2 1 
4 5 10 2 6 5 2 8 5 2 5 10 6 5 6 4 2 9 4 9 
1 3 16 14 3 2 1 10 11 9 1 3 13 14 13 2 3 13 2 14 
10 3 16 16 14 2 3 16 2 16 10 3 13 14 13 2 3 13 2 14 
10 16 13 14 3 2 1 10 2 9 1 3 13 14 13 2 3 13 2 14 
10 3 16 16 14 2 3 16 2 16 10 6 5 6 4 2 9 4 9 1 
3 16 14 3 2 1 10 55 21 55 2 39 69 3 2 16 29 44 70 3 
2 36 3 3 37 2 71 69 57 9 69 2 57 52 2 16 2 70 16 36 
57 16 43 62 2 44 13 2 34 39 69 3 2 23 57 70 3 30 67 3 
16 70 3 1 2 41 37 44 70 3 36 34 2 57 43 21 55 2 13 44 
36 72 3 36 2 64 32 54 3 57 37 37 2 41 44 37 37 3 9 62 
57 44 43 52 47 2 57 52 2 35 36 57 43 62 3 1 2 16 52 2 
36 3 72 3 72 29 3 36 3 1 2 13 36 44 72 2 29 44 73 69 
44 44 1 21 55 2 1 16 73 52 2 16 62 2 62 69 3 2 1 16 
43 9 3 52 47 2 29 3 13 44 36 3 2 34 35 16 62 36 44 43 
52 34 2 71 3 36 3 2 35 36 44 52 9 36 57 29 3 1 40 21 
34 2 71 3 36 3 2 35 36 44 52 9 36 57 29 3 1 40 21 100 
5 22 2 6 5 6 2 2 4 5 8 2 8 7 8 2 2 5 4 1 
2 3 14 1 2 2 3 14 3 2 3 1 4 2 5 22 2 6 5 6 
2 2 4 5 8 2 8 7 8 2 2 5 4 1 2 3 14 3 2 2 
1 4 6 2 5 10 7 2 11 5 4 1 2 3 14 1 2 2 3 14 
3 2 3 1 4 2 2 5 4 1 2 1 3 1 2 2 1 3 1 2 
1 4 6 2 5 4 1 2 3 14 1 2 2 3 14 3 2 3 1 4 
2 2 5 4 1 2 3 14 3 2 2 1 4 6 2 5 10 7 2 5 
4 1 2 3 14 1 2 2 3 14 3 2 3 1 4 2 2 5 4 1 
2 1 3 1 2 2 1 3 1 2 1 4 6 2 5 22 2 6 5 6 
2 2 4 5 8 2 8 7 8 2 2 5 4 1 2 3 14 3 2 2 
2 5 4 1 2 3 14 3 2 2 1 4 6 2 5 22 2 24 21 100 
6 47 8 6 47 2 23 10 8 2 2 6 47 10 2 4 47 41 4 47 
2 6 47 2 2 5 47 6 47 41 2 7 41 7 2 2 8 6 5 2 
8 7 41 2 2 6 47 8 6 47 2 23 10 8 2 6 47 10 2 4 
47 41 4 47 2 41 2 2 8 6 4 2 9 4 6 2 27 2 8 5 
8 2 7 41 4 47 2 11 10 2 8 5 8 2 8 7 8 21 45 11 
8 72 57 43 21 11 2 6 22 2 6 4 6 2 2 5 8 23 2 5 
6 4 2 2 9 22 2 9 3 1 2 2 9 6 5 2 9 6 5 2 
6 22 2 6 4 6 2 2 5 8 23 2 5 23 8 2 2 7 8 5 
2 6 5 6 2 2 4 3 1 2 4 6 5 2 11 45 11 7 21 11 
2 4 22 2 4 6 5 2 2 4 6 5 2 8 23 5 2 2 4 22 
2 4 3 1 2 2 4 6 5 2 6 4 1 2 3 22 2 3 13 3 
2 2 1 4 9 2 1 9 4 2 2 6 4 6 2 23 8 7 2 2 
2 6 4 6 2 23 8 7 2 2 8 23 6 2 23 8 7 2 11 100 
5 10 18 4 5 19 2 7 5 4 5 3 14 13 16 2 14 3 1 4 
5 10 18 4 5 19 2 7 5 4 5 6 9 4 6 2 5 8 30 53 
8 10 5 10 18 4 5 19 2 7 5 4 5 3 14 13 16 2 14 3 
1 4 18 22 3 13 14 21 2 18 22 13 14 16 2 14 3 1 4 6 
9 4 6 2 5 8 8 10 14 13 3 14 2 13 3 1 4 14 13 14 
16 2 29 14 3 13 14 13 3 14 2 13 3 1 4 6 9 4 6 2 
5 8 30 53 8 10 14 13 3 14 2 13 3 1 4 14 13 14 16 2 
29 3 3 14 29 14 16 13 2 14 3 1 4 6 21 9 4 6 2 5 
16 13 2 14 3 1 4 6 21 9 4 6 2 5 8 8 10 24 21 100 
9 11 4 5 2 2 18 18 22 5 5 5 19 2 18 4 5 19 9 5 
4 5 2 2 18 18 22 5 5 5 19 2 18 4 1 14 19 1 4 5 
2 2 18 18 22 5 5 5 19 2 18 4 5 19 1 4 6 5 23 5 
2 6 4 9 6 11 11 4 5 2 2 18 18 22 5 5 5 19 2 18 
4 5 19 9 5 4 5 2 2 18 18 22 5 5 5 19 2 18 4 1 
14 19 1 4 5 2 2 18 18 22 5 5 5 19 2 18 4 5 19 1 
4 6 5 23 5 2 6 4 9 6 11 11 34 25 53 34 14 22 1 2 
4 5 4 1 14 10 18 15 16 17 14 3 19 2 13 14 16 13 14 13 
14 1 2 4 5 4 1 6 5 23 5 2 6 4 9 6 34 25 53 34 
14 22 1 2 4 5 4 1 14 10 18 15 16 17 14 3 19 2 13 14 
16 14 29 14 16 13 2 14 3 1 4 6 5 23 5 2 6 4 9 6 
4 1 14 1 2 4 1 14 1 4 1 14 1 2 4 5 5 4 6 9 
26 13 9 2 6 9 13 9 6 9 26 13 9 2 6 26 23 23 6 4 
1 14 1 2 4 1 14 1 4 1 3 13 34 25 53 34 14 22 16 29 
14 16 13 2 14 3 1 9 6 5 23 5 2 6 4 9 6 11 5 49 
2 14 3 1 9 6 5 23 5 2 6 4 9 6 11 5 49 24 21 100 
8 6 6 2 6 5 6 2 2 4 9 1 2 3 10 2 13 2 2 15 
16 17 14 13 14 2 3 14 3 2 2 1 4 6 2 5 10 2 6 12 
5 12 2 8 6 6 2 6 5 6 2 2 4 9 1 2 3 10 2 13 
2 2 2 14 13 14 2 3 1 4 2 2 9 6 6 2 6 22 2 11 
16 3 16 2 16 3 16 2 2 16 14 16 2 29 10 2 16 2 2 26 
14 1 14 2 14 1 14 2 2 26 14 1 14 2 14 10 2 13 12 25 
14 12 2 16 3 16 2 16 3 16 2 2 16 14 16 2 29 10 2 16 
2 2 1 13 1 2 1 9 4 2 2 9 6 6 2 6 10 2 28 2 
1 13 1 2 1 9 4 2 2 9 6 6 2 6 10 2 28 2 11 100 
7 2 31 21 2 18 5 22 6 19 2 18 9 4 6 5 19 2 2 4 
10 1 10 2 14 10 18 13 14 19 2 2 3 10 1 10 2 18 4 9 
1 20 4 19 2 2 6 33 2 5 10 28 2 11 1 2 31 21 2 14 
10 13 10 2 3 10 18 13 14 19 2 2 13 10 3 10 2 1 22 25 
1 2 2 3 22 4 2 4 10 25 1 10 2 2 18 3 22 12 10 13 
12 12 3 12 12 1 12 12 3 12 13 12 19 2 46 14 22 14 2 2 
18 5 22 6 19 2 18 9 4 6 5 19 2 2 4 10 1 10 2 14 
10 18 13 14 19 2 2 3 10 1 10 2 18 4 9 1 20 4 19 2 
1 10 2 18 4 9 1 20 4 19 2 2 6 33 2 5 10 28 2 100 
23 22 2 2 5 10 4 2 2 6 13 20 13 2 2 13 1 6 2 2 
5 3 20 3 2 2 3 9 6 2 2 23 1 20 1 2 2 1 6 5 
2 23 22 2 2 5 10 4 2 2 6 13 20 13 2 2 13 1 6 2 
2 5 3 20 3 2 2 4 10 9 2 2 1 13 12 16 12 13 12 2 
27 2 1 22 2 11 10 2 1 10 30 2 1 12 16 12 2 11 21 29 
22 12 16 12 13 12 1 12 2 2 6 22 12 1 12 4 12 1 12 2 
2 9 10 30 9 12 16 12 2 2 29 22 12 16 12 14 12 3 12 2 
2 4 22 12 9 12 4 12 6 12 2 2 13 10 30 2 13 12 16 12 
2 29 22 12 16 12 13 12 1 12 2 2 6 22 12 1 12 4 12 1 
12 2 2 9 10 30 9 12 16 12 2 2 29 10 16 2 2 14 4 9 
2 2 1 22 12 9 12 1 12 3 12 2 27 2 1 10 30 2 1 12 
27 2 1 10 30 2 1 12 16 12 2 11 10 2 1 22 2 24 21 100 
18 5 6 19 2 31 21 2 4 10 2 39 18 4 6 19 2 4 5 8 
23 2 2 5 6 4 1 2 3 13 3 1 2 2 4 10 2 39 18 4 
6 19 2 4 5 8 5 2 2 23 5 6 23 2 34 3 43 1 34 5 
10 2 11 18 5 6 19 2 31 21 2 4 1 3 13 2 14 10 18 3 
14 19 2 2 39 13 10 18 1 13 19 2 3 1 4 6 2 2 4 1 
3 13 2 14 10 18 13 14 19 2 2 16 14 13 14 2 3 10 28 10 
2 2 4 1 3 13 2 14 10 18 3 14 19 2 2 39 13 10 18 1 
13 19 2 3 1 4 6 2 2 4 1 1 25 9 2 1 10 18 3 13 
13 19 2 2 14 3 16 13 2 15 16 17 14 13 3 1 2 24 21 100 
18 6 1 19 2 31 21 2 13 10 2 18 14 13 19 2 18 3 1 19 
2 2 18 9 10 2 6 10 19 2 18 6 20 5 19 2 2 18 23 10 
2 7 10 19 2 7 20 8 2 2 7 33 2 18 6 1 19 2 31 21 
2 18 13 14 2 16 10 19 2 18 14 13 19 2 2 18 3 13 2 14 
10 19 2 18 13 3 19 2 2 18 1 9 2 6 10 19 2 6 10 2 
2 6 33 2 18 1 3 19 2 2 13 14 2 16 10 2 14 13 2 2 
3 13 2 14 10 2 13 3 2 2 1 20 9 2 1 3 2 13 14 2 
2 13 33 2 3 18 13 12 3 12 19 2 31 21 2 18 1 10 2 6 
10 19 2 18 6 20 5 19 2 2 18 23 10 2 7 10 19 2 18 23 
5 19 2 2 18 6 10 2 1 10 19 2 18 1 15 13 17 3 19 2 
10 2 1 10 19 2 18 1 15 13 17 3 19 2 2 46 1 33 2 100 
6 1 1 2 1 9 4 6 4 6 2 6 23 6 6 1 1 2 1 10 
3 13 1 4 2 4 10 6 6 1 1 2 1 9 4 6 4 6 2 6 
23 6 1 13 1 2 3 14 3 13 1 1 2 1 10 2 28 2 11 16 
13 1 2 1 9 1 4 5 5 2 5 10 14 29 14 3 2 3 1 3 
9 6 6 2 6 10 6 6 1 1 2 1 9 4 6 4 6 2 6 23 
23 6 1 13 1 2 3 14 3 13 1 1 2 1 10 2 28 2 11 100 
6 47 7 8 7 23 10 6 1 10 13 2 3 9 6 5 10 4 2 23 
10 6 8 10 23 2 5 23 8 7 8 7 2 23 10 6 1 10 13 2 
3 9 6 4 14 13 2 3 1 9 1 22 1 10 11 16 16 10 13 2 
1 10 13 6 10 16 2 16 14 13 14 10 3 2 9 10 3 6 10 14 
2 14 13 3 13 10 1 2 14 10 3 16 14 13 2 29 16 14 13 3 
1 2 9 4 9 1 22 1 10 16 16 14 13 2 13 3 1 6 1 13 
2 16 14 13 14 13 3 2 3 1 9 6 9 3 2 14 13 3 13 3 
1 2 14 13 3 16 14 13 2 29 16 14 13 3 1 2 9 1 3 1 
14 13 2 29 16 14 13 3 1 2 9 1 3 1 22 1 10 24 21 100 
23 5 6 22 23 2 18 6 4 19 1 18 3 13 19 1 14 18 13 2 
3 19 1 4 1 6 10 18 6 23 19 2 6 4 1 3 13 18 14 3 
13 19 2 1 10 18 1 4 19 6 18 4 6 23 19 2 6 4 1 3 
13 39 1 30 1 10 21 3 1 4 1 6 10 18 6 23 19 2 6 4 
1 18 3 13 19 14 3 9 2 1 10 18 1 3 19 13 16 16 18 13 
2 14 19 29 29 14 16 18 13 3 13 19 2 1 39 4 30 4 10 13 
16 16 18 13 2 14 19 29 29 18 14 16 19 13 3 13 2 1 10 18 
1 3 19 13 16 16 18 13 2 14 19 29 29 14 16 13 3 18 21 13 
2 1 19 4 4 1 6 10 18 6 23 19 2 6 4 1 18 3 13 19 
6 23 19 2 6 4 1 18 3 13 19 14 3 9 2 1 10 24 21 100 
7 8 7 2 5 6 4 2 2 6 5 6 2 4 5 8 2 2 7 8 
7 2 5 6 4 2 2 6 1 4 2 6 5 8 2 7 8 7 2 5 
6 4 2 2 6 5 6 2 4 9 1 2 2 3 14 3 2 1 4 5 
2 2 7 8 23 2 5 10 2 28 2 11 2 1 4 1 2 3 13 14 
2 2 13 3 1 2 9 4 6 2 2 5 23 5 2 4 9 1 2 2 
3 13 14 2 16 10 2 18 3 12 10 13 12 10 19 2 14 29 14 2 
15 29 17 16 13 1 2 2 18 3 20 14 13 12 10 3 12 10 19 2 
1 4 5 2 2 3 14 3 2 1 4 5 2 2 7 8 23 2 5 10 
3 14 3 2 1 4 5 2 2 7 8 23 2 5 10 2 28 2 11 100 
18 18 22 1 3 13 19 2 2 40 14 10 40 13 10 40 3 10 40 1 
10 2 2 18 15 13 17 3 1 19 18 3 13 19 2 1 10 18 3 13 
19 2 2 40 14 10 40 13 10 40 3 10 40 1 10 2 2 2 3 33 
2 1 10 2 18 18 22 1 3 13 19 2 2 2 2 2 2 2 2 2 
2 2 40 14 10 40 13 10 40 3 10 40 1 10 2 2 18 15 13 17 
3 1 19 18 3 13 19 2 1 10 18 3 13 19 2 2 40 14 10 40 
14 10 40 3 10 40 1 10 2 2 2 3 33 2 1 10 2 2 2 2 
2 2 2 2 2 2 2 28 10 2 2 2 2 1 3 13 14 2 2 2 
16 10 16 10 2 2 2 2 2 2 2 29 10 16 10 2 2 2 2 2 
16 33 2 2 2 2 2 2 29 10 16 10 2 2 16 10 14 13 2 2 
2 2 14 33 2 13 10 2 2 2 28 10 2 2 2 2 2 2 2 2 
2 2 2 2 2 2 2 2 16 33 2 2 2 2 1 33 2 2 2 2 
2 2 15 13 17 3 1 3 13 2 2 2 2 1 10 3 13 2 2 2 
40 14 10 40 13 10 40 3 10 40 1 10 2 2 2 3 33 2 1 10 
2 2 2 2 2 2 2 2 2 2 2 7 10 2 2 2 2 40 5 10 
40 23 10 40 8 10 40 7 10 2 2 2 2 2 40 8 10 40 8 10 
2 2 2 2 7 10 8 23 2 2 2 40 5 10 40 23 10 40 8 10 
40 7 10 2 2 39 8 33 2 7 10 7 10 2 2 2 2 2 2 2 
2 2 2 2 2 2 2 2 2 2 40 5 10 40 23 10 40 8 10 40 
7 10 2 2 2 2 2 40 8 10 40 8 10 2 2 2 2 7 10 8 
23 2 2 2 40 5 10 40 23 10 40 7 10 40 8 10 2 2 39 8 
33 2 7 10 2 2 2 2 2 2 2 2 2 2 2 28 10 2 2 2 
2 7 8 23 5 2 2 2 6 10 6 10 2 2 2 2 2 2 2 4 
10 6 10 2 2 2 2 6 10 2 2 28 10 2 2 2 4 10 6 10 
2 2 6 10 5 23 2 2 2 2 5 33 2 23 10 2 2 2 2 28 
10 2 2 2 2 2 2 2 2 2 2 2 2 2 6 10 6 10 2 2 
2 2 7 33 2 2 2 2 2 2 2 2 8 7 8 23 2 2 2 2 
2 7 10 8 23 2 2 2 40 5 10 40 23 10 40 8 10 40 7 10 
2 2 39 8 33 2 7 10 2 2 2 2 2 2 2 2 18 18 22 1 
3 13 19 2 2 14 16 13 14 2 2 2 3 13 1 13 2 2 2 2 
15 13 17 3 1 3 13 2 2 2 2 2 1 3 13 16 2 2 2 2 
14 16 13 14 2 2 3 13 1 13 2 2 2 2 3 33 2 1 10 2 
18 18 22 7 8 23 19 2 2 2 2 2 2 2 2 2 2 2 5 6 
23 5 2 2 2 8 23 7 8 2 2 2 2 2 2 2 8 7 8 23 
2 2 2 2 2 7 8 23 7 2 2 2 2 5 6 23 5 2 2 8 
23 7 8 2 2 2 39 8 33 2 7 10 2 2 2 2 2 2 2 2 
2 2 2 39 8 33 2 7 10 2 2 2 2 2 2 2 2 24 21 100 
18 7 23 19 5 10 5 23 2 5 4 1 4 9 1 3 13 2 14 13 
14 3 1 4 5 4 2 1 4 5 4 6 4 9 6 2 5 23 8 7 
5 10 5 23 2 5 4 1 4 9 1 3 13 2 14 13 14 3 1 14 
3 9 2 4 9 6 21 23 5 10 5 5 2 5 10 11 11 18 4 9 
19 1 10 4 1 2 5 1 4 1 3 10 9 3 2 6 3 9 3 1 
10 4 1 2 5 1 4 1 6 23 7 23 2 6 23 7 23 1 10 4 
1 2 5 1 4 1 9 1 3 13 2 14 13 14 3 1 14 1 9 2 
3 1 14 1 9 2 4 21 9 6 23 5 10 5 5 2 5 10 11 100 
7 5 2 2 4 10 2 4 20 4 2 2 4 4 9 6 2 2 3 10 
1 20 25 9 2 2 1 10 2 4 12 9 12 1 2 2 9 10 2 6 
12 4 12 9 2 2 4 7 5 20 4 2 2 6 5 23 8 2 2 7 
8 23 12 8 12 7 2 4 10 4 20 4 2 2 4 4 9 6 2 2 
3 10 1 20 25 9 2 2 1 10 2 29 12 16 12 14 2 2 13 10 
16 12 14 12 13 2 2 3 10 2 14 12 13 12 3 2 2 1 10 1 
20 1 2 2 1 10 2 11 11 21 4 1 2 2 3 10 3 20 3 2 
2 3 13 14 16 2 2 29 10 29 20 29 2 2 29 16 14 13 2 2 
14 3 3 20 3 2 2 3 13 14 16 2 2 29 10 29 20 29 2 2 
29 10 1 20 1 2 2 21 1 9 10 9 2 2 16 9 2 9 20 9 
2 2 9 4 10 4 2 2 3 6 4 9 2 2 1 5 6 4 2 2 
2 2 9 7 8 23 2 2 5 10 5 20 5 2 2 5 10 2 11 100 
9 12 10 4 12 10 6 23 23 2 5 6 4 9 13 13 2 3 1 4 
6 23 23 2 5 4 4 5 8 41 2 5 6 4 6 23 23 2 5 6 
4 9 13 13 2 3 9 4 6 10 2 23 2 5 9 4 5 23 23 2 
23 10 11 11 13 12 10 14 12 10 16 13 13 2 13 14 13 3 9 9 
2 9 10 2 14 12 10 16 12 10 29 14 3 2 13 14 16 29 14 3 
2 13 10 2 14 16 14 13 2 14 3 9 1 3 13 2 3 9 4 6 
2 3 9 4 6 10 2 23 2 5 9 4 5 23 23 2 23 10 11 100 
23 6 6 2 5 4 4 2 2 23 6 1 2 13 3 1 2 2 9 4 
9 2 6 4 9 2 2 1 13 3 2 1 4 6 2 2 23 6 6 2 
5 4 4 2 2 23 6 1 2 13 3 1 2 9 4 9 2 6 4 9 
2 27 2 1 13 3 2 1 10 6 2 11 10 2 1 13 3 2 1 10 
9 2 11 2 1 4 4 2 13 4 4 2 2 13 14 13 2 13 3 1 
2 9 6 6 2 3 6 6 2 2 3 13 3 2 3 1 9 2 2 1 
4 4 2 13 4 4 2 2 13 14 13 2 13 3 1 2 2 9 4 9 
2 6 4 9 2 27 2 1 13 3 2 1 10 9 2 11 10 2 1 13 
13 3 2 1 10 9 2 11 10 2 1 13 3 2 1 22 2 24 21 100 
11 2 8 9 5 2 23 9 5 2 9 10 9 2 2 13 9 14 2 9 
3 9 2 1 9 6 2 2 3 9 5 2 5 6 5 2 13 9 5 2 
2 14 9 5 2 5 6 5 2 13 9 5 2 2 21 8 9 5 2 23 
9 5 2 9 10 9 2 2 13 9 14 2 9 16 9 2 29 9 9 32 
30 2 2 9 32 22 30 2 9 32 9 13 2 3 1 9 2 2 8 9 
9 2 23 9 3 2 3 1 9 2 11 11 2 9 5 5 2 9 5 9 
2 23 9 8 2 2 9 6 9 2 5 9 23 2 9 8 9 2 2 6 
9 4 2 9 10 13 2 3 1 9 2 2 16 14 13 2 3 1 9 2 
9 10 13 2 3 1 9 2 16 14 13 2 29 14 9 32 30 2 2 9 
32 10 16 2 14 13 3 2 13 3 1 2 2 16 14 13 2 14 13 3 
2 3 1 9 2 2 8 9 9 2 23 9 3 2 3 1 9 2 11 100 
2 3 1 9 2 2 8 9 9 2 23 9 3 2 3 1 9 2 11 100 
23 12 2 6 12 2 2 9 2 9 12 2 9 12 2 9 2 2 1 2 
9 2 1 12 2 3 12 2 2 13 2 3 2 1 2 9 10 2 23 12 
2 6 12 2 2 9 2 9 12 2 9 12 2 9 2 2 1 2 9 2 
1 12 2 3 12 2 2 13 2 3 2 1 2 9 10 2 23 12 2 6 
12 2 2 9 2 9 2 9 2 2 6 2 23 2 5 12 2 6 12 2 
12 2 2 4 12 2 4 12 2 5 2 8 2 2 23 22 2 24 21 100 
18 22 18 7 8 25 23 19 39 5 22 18 6 2 5 6 19 4 9 1 
9 4 6 2 5 18 23 7 26 8 19 39 23 22 5 2 23 18 5 6 
4 19 9 6 23 6 2 1 18 9 4 6 19 5 10 18 5 25 23 19 
2 5 6 4 18 9 21 1 19 9 4 6 2 5 18 23 7 26 8 19 
23 10 13 10 2 1 18 9 4 6 19 4 10 5 10 5 10 11 11 18 
5 6 19 39 4 22 18 9 2 4 9 19 1 26 3 13 18 9 6 4 
19 2 9 6 23 18 4 6 23 19 9 23 2 1 23 9 23 6 23 9 
6 2 1 18 9 4 6 19 4 10 18 4 6 19 2 4 9 1 26 3 
13 18 9 6 4 19 2 9 6 23 6 5 10 18 14 13 19 2 1 18 
9 4 6 19 4 10 5 10 5 10 11 11 18 4 1 19 39 14 22 18 
16 2 14 10 19 25 13 14 16 18 14 13 26 3 19 2 39 1 22 3 
13 9 14 9 2 16 9 14 9 13 9 14 9 2 16 18 14 13 26 3 
19 1 10 14 10 2 14 10 18 25 13 14 19 16 18 14 13 26 3 19 
2 1 10 9 10 1 13 26 3 18 14 2 13 1 19 9 6 4 10 5 
10 5 10 11 11 18 7 26 23 19 5 18 4 1 4 19 2 5 4 1 
4 23 18 6 9 6 19 2 23 6 9 6 5 18 4 1 4 19 2 5 
4 1 4 9 4 6 18 5 2 23 5 19 6 23 5 18 4 1 4 19 
2 5 4 1 4 23 6 9 21 18 6 2 23 5 19 6 9 1 13 26 
3 18 14 2 13 1 19 9 6 4 10 5 10 5 10 11 11 18 4 1 
19 14 18 1 14 29 19 2 14 1 14 29 13 18 9 13 16 19 2 13 
9 13 16 14 18 1 14 29 19 2 14 1 14 29 13 1 9 18 6 2 
1 4 19 9 6 4 5 4 18 1 2 6 23 19 6 9 4 6 4 18 
1 21 9 26 4 19 9 3 1 13 26 3 18 14 2 13 1 19 9 6 
1 13 26 3 18 14 2 13 1 19 9 6 4 10 5 10 5 10 11 100 
7 22 2 7 8 23 2 2 6 22 2 6 23 6 2 2 4 22 2 4 
9 1 2 2 9 4 6 2 5 23 8 2 7 22 2 7 8 23 2 2 
6 22 2 6 23 6 2 27 2 4 22 2 4 6 5 2 2 23 22 2 
8 22 2 11 10 2 4 22 2 4 9 1 2 2 9 49 2 11 21 4 
22 2 4 9 1 2 2 4 22 2 4 9 1 2 2 13 3 1 2 3 
1 9 2 2 1 9 6 2 1 9 6 2 4 22 2 4 9 1 2 2 
4 22 2 4 9 1 2 2 13 3 1 2 3 1 9 2 27 2 6 1 
9 2 1 10 6 2 11 10 2 6 1 9 2 1 6 23 2 24 21 100 
9 2 1 10 6 2 11 10 2 6 1 9 2 1 6 23 2 24 21 100 
3 20 1 9 20 3 6 20 9 2 8 20 6 41 20 8 18 18 22 6 
47 41 8 19 2 18 18 22 6 9 3 19 2 16 10 2 29 20 16 14 
20 29 3 20 14 2 4 20 3 5 20 4 18 18 22 8 5 4 19 2 
18 18 22 3 14 29 19 2 3 32 10 2 3 20 1 2 2 2 2 9 
20 3 6 20 9 2 8 20 6 41 20 8 18 18 22 6 47 41 8 19 
2 18 18 22 6 9 3 19 2 16 20 9 32 29 20 16 2 2 14 20 
29 3 20 14 2 13 20 16 25 1 20 13 2 2 3 20 4 14 20 4 
2 3 10 2 11 11 2 1 20 3 2 2 13 20 6 47 7 20 23 2 
6 20 4 13 20 16 2 2 3 20 6 47 41 20 8 2 6 20 1 13 
20 16 2 2 14 20 4 47 8 20 5 2 4 20 1 14 20 16 2 2 
29 20 16 14 20 13 2 3 20 9 1 20 3 2 2 2 2 2 2 2 
2 2 2 13 20 6 47 7 20 23 2 6 20 1 14 20 16 2 2 3 
20 6 47 41 20 8 2 6 20 9 3 20 16 2 2 14 20 3 29 20 
14 2 3 20 1 4 20 3 2 2 6 10 2 48 16 10 9 24 2 48 
3 2 2 6 10 2 48 16 10 9 24 2 48 16 10 9 24 2 11 100 
3 3 1 4 2 1 10 4 15 25 9 17 1 10 4 2 4 10 3 15 
13 17 3 1 4 2 1 10 4 15 1 17 9 10 6 2 6 10 3 3 
1 4 2 1 10 4 15 25 9 17 1 10 4 2 4 10 3 15 13 17 
3 1 4 2 15 16 17 14 13 14 4 5 5 2 5 10 11 13 14 10 
14 2 18 13 12 14 12 16 19 13 15 16 17 14 10 3 2 3 10 3 
16 10 16 2 15 29 17 16 14 16 29 10 3 2 3 10 13 14 10 14 
2 18 13 12 14 12 16 19 13 14 10 3 2 3 10 3 15 13 17 3 
13 17 3 1 4 2 15 16 17 14 13 14 4 5 5 2 5 10 11 100 
4 2 2 9 10 2 3 2 1 10 2 9 2 2 4 10 2 4 2 1 
10 2 1 2 2 1 10 2 13 2 13 2 3 2 1 2 9 10 2 3 
2 1 10 2 9 2 2 4 22 2 30 2 4 10 2 4 2 2 1 10 
2 9 2 4 10 2 6 2 2 74 13 3 36 72 16 62 16 74 2 4 
2 4 22 2 74 13 3 36 72 16 62 16 74 2 9 22 2 24 21 100 
18 6 4 9 1 6 23 6 2 1 3 13 14 18 22 16 14 13 2 29 
14 2 16 14 13 14 16 13 29 13 2 14 13 3 1 18 22 3 13 3 
2 18 22 1 9 4 2 6 14 13 3 1 6 23 6 2 1 3 13 14 
18 22 16 14 13 2 29 14 2 16 14 13 14 18 22 16 14 13 2 18 
22 14 13 3 2 18 22 13 3 1 2 18 22 3 1 9 1 10 2 1 
1 2 1 10 11 11 13 14 16 29 16 25 14 2 16 10 2 13 14 14 
16 14 13 2 14 13 3 1 18 22 13 13 13 2 18 22 13 13 13 2 
13 16 14 13 18 22 3 13 3 2 18 22 1 9 4 2 6 26 22 7 
14 13 3 1 6 23 6 2 1 3 13 14 18 22 16 14 13 2 29 14 
2 16 14 13 14 18 22 16 14 13 2 18 22 14 13 3 2 18 22 13 
22 13 3 1 2 18 22 3 1 9 1 10 2 1 1 2 1 10 11 100 
18 6 12 5 12 19 8 6 6 2 5 10 6 4 3 1 2 4 9 1 
3 1 4 2 5 10 6 4 10 18 15 9 12 4 12 17 6 19 2 5 
8 7 7 8 7 2 5 10 6 4 3 1 2 4 9 1 3 1 3 2 
14 1 4 18 15 9 17 4 19 6 5 2 6 10 11 11 1 3 10 13 
2 14 13 14 3 16 14 2 13 3 1 3 10 13 2 14 13 14 3 13 
14 2 16 10 16 29 14 29 2 16 13 16 14 13 3 2 1 3 13 14 
14 13 3 2 13 1 4 18 15 9 17 4 19 6 5 2 6 10 11 100 
2 2 2 18 4 9 19 2 2 1 4 9 6 2 5 14 13 3 2 2 
3 1 9 3 2 1 10 18 9 4 19 2 2 2 6 9 3 1 2 2 
9 4 6 5 2 2 23 6 5 8 2 7 10 18 4 9 19 2 2 2 
2 2 2 2 2 2 2 2 1 4 9 6 2 5 14 13 3 2 2 3 
1 9 3 2 2 1 14 13 3 2 2 2 2 1 4 9 6 2 2 4 
5 6 23 2 2 5 10 5 5 2 5 10 2 2 2 2 11 11 2 18 
9 4 19 2 2 6 7 23 6 2 5 4 1 14 2 2 3 1 9 3 
2 2 1 14 1 4 2 2 2 2 6 7 23 6 2 2 5 4 1 14 
2 2 3 1 9 3 2 1 14 29 16 2 2 2 2 2 2 2 2 2 
2 2 2 2 14 29 13 16 2 3 14 1 13 2 2 9 3 4 1 2 
2 6 9 5 4 2 2 2 6 10 18 9 4 19 2 6 7 23 6 2 
2 6 7 23 6 2 2 5 10 5 5 2 5 10 2 2 2 2 11 100 
5 10 7 2 4 47 6 47 4 47 2 5 47 10 7 5 10 5 2 5 
6 4 2 9 6 25 23 5 6 4 2 6 5 25 23 2 5 10 18 7 
12 10 8 12 10 19 26 23 5 23 2 23 41 4 47 2 6 47 4 47 
41 5 10 7 2 4 47 6 47 4 47 2 5 47 10 7 5 10 5 2 
5 6 4 2 9 6 23 4 6 5 2 6 5 25 23 2 5 10 18 5 
12 10 6 12 10 19 4 6 5 2 7 5 23 2 25 5 10 9 4 10 
4 2 4 10 1 2 13 1 4 6 10 23 2 23 9 4 2 6 4 9 
4 6 5 2 5 10 7 2 5 10 5 1 4 5 2 5 6 5 2 4 
9 1 4 10 4 2 4 4 1 2 13 10 4 6 10 23 2 23 9 4 
2 6 4 9 4 6 5 2 5 10 7 12 10 7 12 10 2 5 10 18 
18 5 12 10 6 12 10 19 4 6 5 2 7 5 25 23 2 5 10 100 
18 1 10 2 40 14 10 40 14 10 19 2 31 21 2 18 14 20 16 29 
19 18 16 12 14 12 19 2 18 14 10 13 3 19 2 1 10 4 10 2 
31 21 2 9 33 2 40 4 10 18 4 9 19 2 40 1 10 18 9 4 
19 2 31 21 2 18 4 10 5 10 19 2 18 39 6 22 5 19 2 18 
40 5 10 40 5 10 19 2 31 21 2 5 49 2 18 1 10 2 40 14 
10 40 14 10 19 2 2 18 14 20 16 29 19 18 16 12 14 12 19 2 
18 14 10 13 3 19 2 1 10 4 10 2 31 21 2 9 33 2 40 4 
10 18 4 9 19 2 18 1 14 19 18 1 9 19 2 31 21 2 18 4 
22 5 19 2 18 39 6 22 5 19 2 18 40 5 10 40 5 10 19 2 
31 21 2 5 49 2 2 5 10 2 18 5 6 4 9 19 2 2 40 1 
18 3 12 13 12 19 40 14 40 16 2 29 10 18 9 32 29 19 2 16 
10 13 10 2 31 21 2 18 14 22 16 2 29 10 19 18 16 14 19 2 
13 10 1 10 2 31 21 2 3 22 1 2 3 10 18 15 13 3 17 1 
3 19 2 18 40 1 10 40 1 10 19 2 31 21 2 1 49 2 18 1 
10 3 22 13 19 2 2 18 14 20 16 29 19 18 16 12 14 12 19 2 
18 14 10 13 3 19 2 1 10 4 10 2 31 21 2 18 9 33 2 4 
19 9 18 4 9 2 1 14 19 18 1 9 19 2 31 21 2 18 4 10 
5 10 19 2 18 39 6 22 5 19 2 18 40 5 10 40 5 10 19 2 
22 5 19 2 18 40 5 10 40 5 10 19 2 31 21 2 5 49 2 100 
7 10 8 10 2 8 23 2 5 23 5 6 4 9 4 6 2 5 4 1 
4 6 5 23 8 2 7 23 6 23 8 23 8 4 2 18 22 9 1 9 
19 2 6 23 8 10 2 8 23 2 5 23 5 6 4 9 4 6 2 5 
4 1 4 6 5 23 8 2 7 23 6 23 8 10 2 8 8 2 8 10 
1 10 3 13 3 1 2 4 10 2 14 10 3 13 3 1 2 4 10 2 
3 13 16 14 13 3 2 1 3 13 14 16 14 13 3 2 1 3 13 14 
29 16 14 13 2 3 13 14 16 29 16 14 13 2 3 13 14 16 29 14 
14 29 2 16 13 13 16 14 3 13 1 2 3 1 4 1 3 13 3 1 
2 4 10 2 14 10 3 13 3 1 2 4 10 2 4 6 5 4 1 4 
2 6 5 23 8 7 23 6 23 2 1 4 6 23 8 10 2 8 23 2 
5 23 5 6 4 9 4 6 2 5 4 1 4 6 5 23 8 2 7 23 
1 4 6 5 23 8 2 7 23 6 23 8 10 2 8 8 2 8 10 100 
23 5 6 2 6 23 6 2 9 22 2 2 4 6 5 2 18 33 23 5 
6 23 2 5 8 7 2 2 23 5 6 2 6 23 6 2 1 10 1 2 
2 1 18 22 40 14 40 13 40 3 2 1 9 6 2 5 8 7 2 11 
11 21 1 25 9 1 2 13 14 3 2 26 9 10 6 2 2 1 25 9 
1 2 13 16 13 2 14 22 2 2 16 29 16 2 14 3 1 2 9 10 
6 2 2 4 6 5 2 18 33 23 5 6 23 2 5 8 7 2 11 11 
21 23 5 6 2 6 23 1 2 6 23 1 2 2 6 23 1 2 6 23 
1 2 5 8 7 2 2 23 5 6 2 6 23 6 2 9 22 2 2 4 
6 5 2 18 33 23 5 6 23 2 5 8 7 2 11 11 21 7 22 2 
7 22 2 9 22 2 2 9 10 4 2 9 10 6 2 5 8 7 2 2 
7 22 2 7 22 2 1 22 2 2 1 18 22 40 14 40 13 40 3 2 
1 9 6 2 5 8 7 2 11 11 21 1 25 9 1 2 13 14 3 2 
26 9 10 6 2 2 1 25 9 1 2 13 16 13 2 14 22 2 2 16 
29 16 2 14 3 1 2 9 10 6 2 2 4 6 5 2 18 33 23 5 
6 2 2 4 6 5 2 18 33 23 5 6 23 2 5 8 7 2 11 100 
7 30 7 10 5 30 2 5 10 6 2 4 22 6 10 6 30 2 6 10 
4 2 9 22 4 9 4 2 4 10 6 2 5 22 6 4 6 2 6 10 
5 2 23 10 7 7 10 5 30 2 5 10 6 2 4 22 6 10 6 30 
2 6 10 4 2 9 22 21 1 3 1 2 1 10 9 2 4 10 5 6 
4 6 2 6 10 23 2 5 10 28 4 10 1 30 2 1 10 1 2 1 
22 3 10 3 30 2 3 10 13 2 14 22 1 10 1 30 2 1 10 9 
2 4 10 5 6 4 6 2 6 10 5 2 23 10 7 4 10 1 30 2 
1 10 1 2 1 22 3 10 3 30 2 3 10 13 21 14 22 1 3 1 
1 10 9 2 4 10 5 6 4 6 2 6 10 23 2 5 10 24 21 100 
1 10 9 2 4 10 5 6 4 6 2 6 10 23 2 5 10 24 21 100 
5 23 2 31 21 2 18 7 20 5 19 2 18 5 12 6 12 9 19 2 
1 10 2 18 9 6 19 2 2 1 10 2 18 5 20 6 19 2 18 5 
23 19 2 7 10 2 2 7 20 5 2 18 5 12 6 12 9 19 2 1 
10 2 18 13 1 19 2 2 18 1 20 9 19 2 18 6 20 5 19 2 
5 10 2 2 1 10 2 31 21 2 18 13 1 19 18 13 14 19 2 16 
10 2 18 14 13 19 2 2 18 1 20 9 19 2 18 1 12 26 3 12 
13 19 2 18 23 20 5 19 2 18 23 7 19 2 2 18 13 1 19 18 
13 14 19 2 16 10 2 18 14 13 19 2 2 1 10 2 18 14 16 19 
2 14 10 2 18 16 14 19 2 2 18 13 1 19 18 13 14 19 2 16 
10 2 18 14 13 19 2 2 1 20 9 2 18 1 12 26 3 12 13 19 
2 23 20 5 2 23 7 2 2 18 7 20 5 19 2 18 9 6 19 2 
18 5 23 19 2 18 13 1 19 2 2 1 20 9 2 6 20 5 2 5 
19 2 18 13 1 19 2 2 1 20 9 2 6 20 5 2 5 10 2 100 
6 2 2 6 4 6 2 6 23 6 2 2 1 10 3 2 13 10 16 2 
2 14 10 3 2 13 10 1 2 2 3 10 1 2 4 9 1 2 6 4 
6 2 6 23 6 2 2 1 10 3 2 13 10 14 2 2 16 13 1 2 
3 13 3 2 2 1 22 2 1 10 2 11 11 21 3 12 10 13 12 10 
2 2 14 10 14 2 14 16 29 2 2 13 10 13 2 13 14 16 2 2 
3 10 3 2 3 1 3 2 2 13 3 1 2 4 9 1 2 6 4 6 
2 6 23 6 2 2 1 10 3 2 13 10 14 2 2 16 13 1 2 3 
14 2 2 16 13 1 2 3 13 3 2 2 1 22 2 1 10 2 11 100 
6 20 5 2 31 21 2 23 20 6 7 20 7 2 7 20 23 7 20 7 
2 2 41 20 7 8 20 23 2 5 10 2 23 20 8 2 2 23 20 6 
4 20 9 2 1 20 6 4 20 5 2 2 23 10 8 10 8 10 2 6 
20 5 2 2 23 20 6 7 20 7 7 20 23 8 20 7 2 2 41 20 
7 8 20 23 2 5 10 23 20 8 2 2 23 20 6 4 20 9 2 1 
20 6 4 20 5 2 2 23 10 7 10 7 10 2 11 11 2 9 10 2 
31 21 2 1 20 6 23 20 6 2 1 20 13 3 20 1 2 2 3 20 
1 9 20 1 2 3 20 13 14 20 3 2 2 13 20 1 3 20 9 2 
1 20 13 3 20 1 2 2 9 10 6 10 6 10 2 1 20 9 2 2 
4 20 6 5 20 6 2 1 20 13 3 20 1 2 2 3 20 1 9 20 
6 2 4 20 6 5 20 23 2 2 5 20 6 4 20 9 2 1 20 6 
20 9 2 1 20 6 4 20 5 2 2 23 10 7 10 7 10 2 11 100 
7 8 23 5 2 6 23 7 23 2 8 7 8 23 2 2 7 10 2 8 
23 2 5 23 8 7 2 41 10 2 41 10 2 2 7 8 23 5 2 6 
23 7 23 2 8 7 8 23 2 2 7 10 2 1 10 2 6 23 5 8 
2 7 33 2 7 8 23 5 2 6 4 2 9 10 2 4 9 1 4 2 
2 9 10 2 4 6 2 5 23 8 7 2 41 10 2 41 10 2 2 7 
8 23 5 2 6 4 9 6 2 16 14 13 3 2 2 1 10 2 1 10 
2 6 23 5 8 2 7 33 2 7 8 23 5 2 3 13 14 3 2 13 
14 16 13 2 2 1 10 2 1 10 2 3 13 14 3 2 9 10 2 9 
10 2 2 3 13 14 3 2 16 13 1 13 2 14 3 9 3 2 2 1 
3 2 2 1 10 2 1 10 2 6 23 5 8 2 7 33 2 24 21 100 
6 10 2 18 8 6 19 2 23 6 8 6 6 6 9 6 2 4 6 4 
9 6 10 2 18 8 6 19 2 23 6 8 6 13 16 3 1 2 9 6 
4 9 6 10 2 18 8 6 19 2 23 6 8 6 6 6 9 6 2 4 
6 4 9 1 3 13 14 2 39 16 14 16 3 13 1 4 3 2 9 6 
2 6 10 16 14 16 3 2 39 13 3 9 3 1 4 9 6 2 4 6 
23 6 39 16 14 16 3 2 13 14 16 3 13 1 4 3 2 9 6 6 
14 16 3 9 3 2 13 3 9 3 1 4 9 6 2 4 6 23 6 6 
47 41 8 6 2 9 3 16 3 13 1 4 3 2 9 6 2 6 10 100 
47 41 8 6 2 9 3 16 3 13 1 4 3 2 9 6 2 6 10 100